test_index,test_name,matched_ids,score,true_id,correct,true_group,recall
0,josepavelandreyolegovichmohamed,set(),0.440322581,0,FALSE,{0},0
1,konstantinantonioismailborisyahya,set(),0.419607843,0,FALSE,{0},0
2,privatecomercializadoratradesystems,"{16643, 46215, 6663, 13453, 10002, 37268, 49817, 49818, 12185, 540, 10651, 10652, 10653, 8736, 10654, 21666, 10655, 7583, 11557, 551, 552, 555, 9387, 12474, 23613, 13378, 21571, 12101, 21075, 21076, 15190, 16471, 15712, 11875, 12899}",0.575238095,0,FALSE,{0},0
3,buildingafterinversioneskoreapars,set(),0.362051282,0,FALSE,{0},0
4,moneyrealmanagementkgcomercializadoratechnicalcompanyinternational,set(),0.502939846,0,FALSE,{0},0
5,buildingllcshippingtheopengroupmanufacturinglojistik,set(),0.412844702,0,FALSE,{0},0
6,financebanktechinsasgasfzcosanayi,set(),0.349019608,0,FALSE,{0},0
7,petrovichazizivanovichigorevich,set(),0.534677419,0,FALSE,{0},0
8,ogranichennoicenterinsuranceoceanlaglobalagencygas,set(),0.362352941,0,FALSE,{0},0
9,enterpriseeoodltdtrans,set(),0.46284585,0,FALSE,{0},0
10,privateindustrymaritimeparsdigital,set(),0.42,0,FALSE,{0},0
11,holdingskoreaconstructionogranichennoi,set(),0.454587689,0,FALSE,{0},0
12,ministryimportagcomplexsaresearchticarettrade,set(),0.408944794,0,FALSE,{0},0
13,andsrlinvestmentcompanydigitalunitedengineering,set(),0.535106383,0,FALSE,{0},0
14,azizdesalim,set(),0.503296703,0,FALSE,{0},0
15,aleksandrovichmikhaylovich,"{41072, 37852, 32814}",0.718518519,0,FALSE,{0},0
16,carlosyusufvladimiririnasergeyevich,set(),0.536507937,0,FALSE,{0},0
17,hasanvladimirovnaandreyhusaynal,set(),0.470967742,0,FALSE,{0},0
18,machinemanagementstockghadirorganizationinvestmentportood,set(),0.415965626,0,FALSE,{0},0
19,ltdaclosedservicescomplex,set(),0.488,0,FALSE,{0},0
20,debuildingsrlinholdingsbureauotvetstvennostyuinsurance,set(),0.401212121,0,FALSE,{0},0
21,zavodsanayisassrlgoldenindustrialmanufacturingpvt,set(),0.425142857,0,FALSE,{0},0
22,vladimirovnatorresyusufmikhailovichperez,set(),0.465243902,0,FALSE,{0},0
23,complexsarlelectroniceastghadirrl,set(),0.443137255,0,FALSE,{0},0
24,aktsionernoenamediraninternationalandnewaircraft,set(),0.42585034,0,FALSE,{0},0
25,complexdevelopmentairiraniandigital,set(),0.468571429,0,FALSE,{0},0
26,sciencesproizvodstvennoesea,set(),0.448726467,0,FALSE,{0},0
27,sergeevichyuriytorres,set(),0.474458874,0,FALSE,{0},0
28,serviciostechsolutionsequipmentoilbureaushenzhenrussian,set(),0.375844156,0,FALSE,{0},0
29,industrycvdmccdevelopmentmanagement,"{11619, 26851, 11622, 11625, 11626, 26846}",0.589090909,0,FALSE,{0},0
30,marinefederalciasasbvassociationdekong,set(),0.407152497,0,FALSE,{0},0
31,sergeihassanmikhailovichmohamed,set(),0.477419355,0,FALSE,{0},0
32,republicplantmaritimearmy,set(),0.525538462,0,FALSE,{0},0
33,rodriguezabdallah,"{40838, 42028, 31533, 7631, 40145, 25077, 51319, 19133, 51390, 23135}",0.730718954,0,FALSE,{0},0
34,kishtransportationsystemscomercializadorasrlinsuranceinformation,set(),0.416298077,0,FALSE,{0},0
35,shahidoilpetrochemicalvtbshenzhentransportdmcc,set(),0.410360777,0,FALSE,{0},0
36,closedservicesaloilpetroleumlimited,set(),0.469206349,0,FALSE,{0},0
37,realshahidcomercializadoratechnical,set(),0.497142857,0,FALSE,{0},0
38,tradingcompanyhkgruppindustrial,{16008},0.557258065,0,FALSE,{0},0
39,investmentssasfactoryoaoafterltdrepair,set(),0.375573549,0,FALSE,{0},0
40,hkghadirfzcoanonimshenzhenmanufacturing,set(),0.426666667,0,FALSE,{0},0
41,husaynrezajuanirinaperez,set(),0.378333333,0,FALSE,{0},0
42,trademilitarylaoodhkandoao,set(),0.365527066,0,FALSE,{0},0
43,martinezsong,set(),0.407692308,0,FALSE,{0},0
44,viktorgarciasergeysaid,set(),0.395,0,FALSE,{0},0
45,federalpropertiesunitedelectronicsinservicios,set(),0.471111111,0,FALSE,{0},0
46,machinerycommercialgoldkongelectronicproizvodstvennoefinance,set(),0.412152918,0,FALSE,{0},0
47,marinesciencesnewopenbureauair,set(),0.421290323,0,FALSE,{0},0
48,konstantinyahyarijuannikolayevich,set(),0.538680927,0,FALSE,{0},0
49,ivaneduardoahmedmohammedigorevich,set(),0.437789661,0,FALSE,{0},0
50,sergeijorgeramonroman,set(),0.410333333,0,FALSE,{0},0
51,valeryevichahmednikolayyahyareza,set(),0.523106061,0,FALSE,{0},0
52,mikhailovichjuanbin,set(),0.515789474,0,FALSE,{0},0
53,sirketiarmyoaosciencegrouptechnologies,set(),0.473414305,0,FALSE,{0},0
54,dmitriykhan,set(),0.456666667,0,FALSE,{0},0
55,kgjscsystemsport,set(),0.405228758,0,FALSE,{0},0
56,aktsionernoejointaviationbusiness,set(),0.496256684,0,FALSE,{0},0
57,abdulrirahman,"{12128, 33953, 12930, 6915, 4257, 12327, 9353, 46827, 13168, 24786, 12562, 47445, 11737, 44443, 6367}",0.652747253,0,FALSE,{0},0
58,technicalhongbureaufederaloceanbranch,set(),0.454623044,0,FALSE,{0},0
59,exportrepairelectronicinformationcenterzavod,set(),0.481616162,0,FALSE,{0},0
60,solutionsgmbhtransportationeastinstituteinsrlfinance,set(),0.416110305,0,FALSE,{0},0
61,romanibrahim,"{22145, 22149, 13157, 10119, 17036, 13395, 7222, 21561, 9758}",0.620512821,0,FALSE,{0},0
62,ahmadlopezmikhaylovich,set(),0.549333333,0,FALSE,{0},0
63,dmitryabdulalberto,set(),0.436842105,0,FALSE,{0},0
64,elenamariairina,set(),0.48,0,FALSE,{0},0
65,ltdaincindustry,set(),0.506666667,0,FALSE,{0},0
66,gazpromneftpeoplesagacademyenergyequipment,set(),0.369545958,0,FALSE,{0},0
67,mariaandreibenkhalidvladimir,set(),0.450492611,0,FALSE,{0},0
68,martinezabddmitriy,set(),0.447953216,0,FALSE,{0},0
69,syrianjointfzeunited,set(),0.394761905,0,FALSE,{0},0
70,productionservicetsentrforservicesjoint,set(),0.432307692,0,FALSE,{0},0
71,solutionsclosedinvestmentssapetrochemicalmanufacturingbhdspecial,set(),0.403798077,0,FALSE,{0},0
72,victormanuelmohammedbenyusuf,set(),0.444334975,0,FALSE,{0},0
73,alexandrovichmahmoud,set(),0.52987013,0,FALSE,{0},0
74,jorgealeksey,set(),0.523076923,0,FALSE,{0},0
75,systemsalacademyinvestinvestmentsandminingsea,set(),0.423381643,0,FALSE,{0},0
76,borisvalentinovichmuhammadrodriguez,set(),0.412698413,0,FALSE,{0},0
77,losinversionesspecial,set(),0.541125541,0,FALSE,{0},0
78,perezandreyleonidovichflores,{48884},0.583251232,0,FALSE,{0},0
79,islamiccoinstituteestate,set(),0.507666667,0,FALSE,{0},0
80,binabbasaungreza,set(),0.498830409,0,FALSE,{0},0
81,konstantinmohammad,"{45923, 23685, 46888, 12588, 10898, 7222, 12920, 18619}",0.567142857,0,FALSE,{0},0
82,russianofrlholdingobshchestvocapitalradiocv,set(),0.433826638,0,FALSE,{0},0
83,financesalpublicaviationmanufacturingtsentrkompaniyacenter,set(),0.441963764,0,FALSE,{0},0
84,debureautsentrtechsecurityfinancial,set(),0.430197445,0,FALSE,{0},0
85,antonaleksandrovnaalexeyhernandez,set(),0.496256684,0,FALSE,{0},0
86,khanalexanderjorge,"{18658, 17764, 34104, 34141, 52734}",0.563157895,0,FALSE,{0},0
87,eastsolutionsdesign,set(),0.465263158,0,FALSE,{0},0
88,khalidaungeduardo,set(),0.42875817,0,FALSE,{0},0
89,mikhailovichalexandrovichyahya,{36762},0.583655914,0,FALSE,{0},0
90,majidyongmuhammadabd,set(),0.509047619,0,FALSE,{0},0
91,otvetstvennostyuofnauchnosystemshkairspecialglobal,set(),0.448156863,0,FALSE,{0},0
92,technologiespublicnewgrupo,set(),0.484045584,0,FALSE,{0},0
93,antonionikolaykimelkhalid,set(),0.426461538,0,FALSE,{0},0
94,abuhernandezalexandrovich,{36864},0.647619048,0,FALSE,{0},0
95,omarvladimirovnavalentinovich,{35714},0.597241379,0,FALSE,{0},0
96,aziznikolayevichabbasben,set(),0.482666667,0,FALSE,{0},0
97,businesskoreapetroleumlaenterprisefoundationaviationthe,set(),0.413415259,0,FALSE,{0},0
98,borissaidivanhassanramon,set(),0.459,0,FALSE,{0},0
99,alekseyelsaid,set(),0.456666667,0,FALSE,{0},0
100,aungigoralexandervaleryevichsergeyevich,set(),0.537435897,0,FALSE,{0},0
101,solutionsarmyfoundationrepublicag,set(),0.476134454,0,FALSE,{0},0
102,insurancerltransportationkongnationalrepairbuilding,set(),0.478129713,0,FALSE,{0},0
103,privatepublicsolutionsbusinessgeneralunitary,set(),0.409142857,0,FALSE,{0},0
104,holdingssafoundationgoldenpvtkoreaestateliability,set(),0.385822021,0,FALSE,{0},0
105,serviciosmanufacturingzavod,set(),0.518518519,0,FALSE,{0},0
106,importinternationalmachineryoooserviciosliabilityorganizationticaret,set(),0.461679454,0,FALSE,{0},0
107,rahmanpavlovichviktoranatolyevichhamid,set(),0.474493927,0,FALSE,{0},0
108,researchexchangetechnologiesspecialconstructionbranch,set(),0.457162823,0,FALSE,{0},0
109,victorgomezandreiviktoririna,set(),0.480049261,0,FALSE,{0},0
110,unitarysanayitechnical,set(),0.429644269,0,FALSE,{0},0
111,vasilyevichviktorovichalexeyahmedmikhaylovich,set(),0.440772947,0,FALSE,{0},0
112,digitalstarenterprise,set(),0.524333333,0,FALSE,{0},0
113,llcinstitutebranchotvetstvennostyuplant,set(),0.493719807,0,FALSE,{0},0
114,forcenteropentechnology,set(),0.543478261,0,FALSE,{0},0
115,dissarlbureaumoneyltd,set(),0.351322751,0,FALSE,{0},0
116,nikolaykonstantinovichgarcia,{41081},0.576551724,0,FALSE,{0},0
117,federationtransportocean,set(),0.512903226,0,FALSE,{0},0
118,yongantonanatolievich,{42010},0.658102767,0,FALSE,{0},0
119,alsanchezrahman,set(),0.543274854,0,FALSE,{0},0
120,husseinalijosedmitriy,set(),0.514285714,0,FALSE,{0},0
121,abdvladimirovich,{34947},0.606060606,0,FALSE,{0},0
122,hosseinyuryevichmajidnikolaevich,set(),0.500378788,0,FALSE,{0},0
123,ltdafornamed,set(),0.407692308,0,FALSE,{0},0
124,aftertradecomplextsentrcorpgeneralcapitalmanufacturing,set(),0.451717172,0,FALSE,{0},0
125,financialfederaltheafterinternationaloilandasia,set(),0.489716312,0,FALSE,{0},0
126,ismailjesus,set(),0.509090909,0,FALSE,{0},0
127,realinternationalobshchestvo,set(),0.524621212,0,FALSE,{0},0
128,abdulabbas,"{16265, 48726, 22039, 11737, 15007}",0.564102564,0,FALSE,{0},0
129,husseinsergeevich,{38158},0.56017316,0,FALSE,{0},0
130,muhammadperezeduardo,set(),0.509047619,0,FALSE,{0},0
131,shenzhentechsrldoo,set(),0.468666667,0,FALSE,{0},0
132,offshoreconstructiongeneralelectronicsdoogazpromneftcorpbank,set(),0.385240385,0,FALSE,{0},0
133,goldenindustrialshipunitedgeneralspecial,set(),0.411707317,0,FALSE,{0},0
134,centersrlassociationrepairshahidsasislamic,set(),0.425469388,0,FALSE,{0},0
135,hasanalbertoibrahim,"{15649, 35843, 7879, 16235, 21265, 34098}",0.557142857,0,FALSE,{0},0
136,delindustrialdigitalfinancialptetechnologyplantand,set(),0.484179971,0,FALSE,{0},0
137,artemmohamed,{12889},0.703846154,0,FALSE,{0},0
138,alexanderkonstantinovich,"{36756, 24316}",0.80516129,0,FALSE,{0},0
139,ghadirsyrianincorporatednamedticarettrade,set(),0.401393728,0,FALSE,{0},0
140,foundationassociationenergy,set(),0.507635468,0,FALSE,{0},0
141,khalidyuryevichigorartem,set(),0.496,0,FALSE,{0},0
142,pvtoaotradingand,set(),0.501470588,0,FALSE,{0},0
143,mohammadvasilyevichperezjorge,set(),0.442298851,0,FALSE,{0},0
144,aglogisticsinvestment,{38536},0.550649351,0,FALSE,{0},0
145,machineislamicof,set(),0.461437908,0,FALSE,{0},0
146,majidyusuftorresigorevicholeg,set(),0.382988506,0,FALSE,{0},0
147,vtbaviationbranchislamiceastaircraft,set(),0.433633634,0,FALSE,{0},0
148,businessholdingsnationaljscltdacentral,{52719},0.557804878,0,FALSE,{0},0
149,elenachol,set(),0.408888889,0,FALSE,{0},0
150,hernandezmariaviktorluissalim,set(),0.503448276,0,FALSE,{0},0
151,benaleksandrovnagarcia,"{35226, 38636, 38637, 38638}",0.587,0,FALSE,{0},0
152,valentinovichabbasel,set(),0.47826087,0,FALSE,{0},0
153,jorgemohsenkhanrahman,set(),0.466666667,0,FALSE,{0},0
154,borispetrovich,set(),0.494117647,0,FALSE,{0},0
155,agbuildingsirketiholdinginvestmentsarmygroupservice,set(),0.450980392,0,FALSE,{0},0
156,shippingpetrochemicalinsurancegoldkompaniyapvtoao,set(),0.457795918,0,FALSE,{0},0
157,parskoreakongoffshorecompanytechnologylos,set(),0.506387921,0,FALSE,{0},0
158,managementandexchangejsc,set(),0.496,0,FALSE,{0},0
159,hosseinelal,set(),0.542307692,0,FALSE,{0},0
160,gmbhtradefinanciallimitedjoint,set(),0.506236559,0,FALSE,{0},0
161,delbankinmobiliariaoftsentr,set(),0.467724868,0,FALSE,{0},0
162,konstantinovichigorevichibrahim,{16648},0.558870968,0,FALSE,{0},0
163,fzcoinstitutionnauchnogmbhsarlproizvodstvennoe,set(),0.443293247,0,FALSE,{0},0
164,estatesteelkishfederationscienceincinsurancerepublic,set(),0.397169811,0,FALSE,{0},0
165,afterltdaislamicnationalfoundationlimiteddiskish,set(),0.446683673,0,FALSE,{0},0
166,servicesteelmilitaryasiapetroleumelectronic,set(),0.400845666,0,FALSE,{0},0
167,hernandezyonglopezahmadartem,set(),0.43817734,0,FALSE,{0},0
168,nikolayevichanatolievichpetrovichsergey,set(),0.491282051,0,FALSE,{0},0
169,bankminingassociationde,"{4707, 4708, 4709, 7911, 7115, 10412, 7917, 7918, 47350}",0.555072464,0,FALSE,{0},0
170,dmitriyigorevichaleksandrovnasergeyevich,set(),0.548780488,0,FALSE,{0},0
171,nationalsteelthe,set(),0.517647059,0,FALSE,{0},0
172,hernandezrinikolaevichborismiguel,set(),0.454545455,0,FALSE,{0},0
173,energysyrianaointernationalunitaryloskgjsc,set(),0.448726467,0,FALSE,{0},0
174,ininsurancegruppsirketiinstitutionvepetrochemical,set(),0.416979592,0,FALSE,{0},0
175,mohsenolegovichkonstantinovich,"{16712, 50118}",0.610322581,0,FALSE,{0},0
176,aircraftobshchestvoengineeringfederationmoneymanagement,set(),0.461818182,0,FALSE,{0},0
177,khalidabbas,"{24760, 2681}",0.678787879,0,FALSE,{0},0
178,mikhaylovichaungolga,set(),0.459,0,FALSE,{0},0
179,albertotikritiahmedrodriguezmohammad,set(),0.436219512,0,FALSE,{0},0
180,commercialtransportationtransport,set(),0.531907308,0,FALSE,{0},0
181,aleksandrovichanatolievichirinayuriy,set(),0.505255255,0,FALSE,{0},0
182,delcenteriranian,set(),0.426470588,0,FALSE,{0},0
183,llcpublicca,set(),0.547435897,0,FALSE,{0},0
184,perezmohamedabdulalexey,{43061},0.597101449,0,FALSE,{0},0
185,groupinstitutionpetroleumfederal,set(),0.461538462,0,FALSE,{0},0
186,alekseyevichanatolievich,"{35430, 38616, 36944, 16660, 41336, 37341}",0.648717949,0,FALSE,{0},0
187,moneyparsood,set(),0.506666667,0,FALSE,{0},0
188,denikolaevich,"{15890, 34698, 33175}",0.550649351,0,FALSE,{0},0
189,ivanovichborisaleksandrovichmustafa,{29888},0.648253968,0,FALSE,{0},0
190,companyelectronicstradingciatechcosociedadproperties,set(),0.487735849,0,FALSE,{0},0
191,armyfinanceandvtbtsentroffshoresyrian,set(),0.381025641,0,FALSE,{0},0
192,russianconstructioncenterdepte,set(),0.474285714,0,FALSE,{0},0
193,alexeydanielelomarjorge,set(),0.395652174,0,FALSE,{0},0
194,joseabu,set(),0.455555556,0,FALSE,{0},0
195,kimgonzalez,set(),0.406060606,0,FALSE,{0},0
196,sergeevichalexeymikhailovichalekseyde,set(),0.533997155,0,FALSE,{0},0
197,valentinovichhasanvladimiranatolievichvladimirovna,set(),0.515529412,0,FALSE,{0},0
198,estateinvestmentsmaritimeresearchmanufacturingbhd,set(),0.481632653,0,FALSE,{0},0
199,proizvodstvennoevtbbureaubranchkongassociationconstructionpublic,set(),0.459278846,0,FALSE,{0},0
200,newfederationtsentrooocadelcoprivate,set(),0.391591592,0,FALSE,{0},0
201,pavlovichpavelyahyajesus,set(),0.442333333,0,FALSE,{0},0
202,benleonidovichbinpavlovich,set(),0.498522167,0,FALSE,{0},0
203,bureauinternationalnamedmoneygroupexchangemachinery,set(),0.432277526,0,FALSE,{0},0
204,researchdmccpeoples,set(),0.414736842,0,FALSE,{0},0
205,mikhailsaid,set(),0.536029412,0,FALSE,{0},0
206,gonzalezivanalbertosergeyevich,{17318},0.571774194,0,FALSE,{0},0
207,cafederationsrlinvestsystemstechnical,set(),0.430496454,0,FALSE,{0},0
208,iranianoaoooo,set(),0.507692308,0,FALSE,{0},0
209,gomezmustafamohamed,{6924},0.673333333,0,FALSE,{0},0
210,anatolyevichomaribrahimmohammedsergeevich,set(),0.406736353,0,FALSE,{0},0
211,sergeevichtikritisanchezaleksandrovichmaria,set(),0.465961945,0,FALSE,{0},0
212,viktorovichvasilyevichsanchezmahmoud,set(),0.418168168,0,FALSE,{0},0
213,mahmoudaleksandrovnaabdullahvaleryevich,set(),0.507692308,0,FALSE,{0},0
214,syriansteelscientific,set(),0.495238095,0,FALSE,{0},0
215,romanboris,set(),0.443636364,0,FALSE,{0},0
216,peoplessolutionsminingcapital,set(),0.429425287,0,FALSE,{0},0
217,tsentrgrouppublicelectronicsvtb,set(),0.426612903,0,FALSE,{0},0
218,informationbhdmaritimecaindustriesaircraftmanufacturingcapital,set(),0.455145929,0,FALSE,{0},0
219,nikolaevichalivanomar,"{37178, 35570, 35220}",0.568774704,0,FALSE,{0},0
220,offshorepeoplesholdingopen,set(),0.401709402,0,FALSE,{0},0
221,asiabureauobshchestvosrlassociationunitedinvestmentsincorporated,set(),0.450426257,0,FALSE,{0},0
222,aleksandrovichkhalidal,set(),0.517538462,0,FALSE,{0},0
223,danielalekseyhusseinfrancisco,set(),0.449910873,0,FALSE,{0},0
224,serviceshanghaico,set(),0.449673203,0,FALSE,{0},0
225,kimmiguel,"{51328, 40205, 23505, 21745, 23507, 23092, 18555}",0.556363636,0,FALSE,{0},0
226,repairinvestmentinstitutemilitarydelpublic,set(),0.473512337,0,FALSE,{0},0
227,aligorevichomarahmad,set(),0.460952381,0,FALSE,{0},0
228,grupprealkonggazpromneft,set(),0.466,0,FALSE,{0},0
229,alexanderdanieldenisbin,set(),0.471014493,0,FALSE,{0},0
230,mikhailovichjuandekhan,set(),0.488,0,FALSE,{0},0
231,tikritiibrahimalexanderartem,set(),0.489516129,0,FALSE,{0},0
232,afterexporttechnologyindustries,set(),0.520782726,0,FALSE,{0},0
233,ltdproizvodstvennoekishrlmanufacturingkompaniyacapital,set(),0.434545455,0,FALSE,{0},0
234,romanluisramonhusseinalberto,set(),0.499507389,0,FALSE,{0},0
235,ogranichennoipropertiescomplex,set(),0.441290323,0,FALSE,{0},0
236,plantfoundationltdunited,set(),0.466,0,FALSE,{0},0
237,alexanderhusseinrahmanvictor,set(),0.457635468,0,FALSE,{0},0
238,rodriguezmustafahernandez,"{4107, 4108, 26401, 6704, 12091, 15678, 34110, 12484, 12485, 12486, 12487, 40145, 16209, 30042, 30171, 41183, 49765, 50534, 25077, 25078, 21116}",0.604307692,0,FALSE,{0},0
239,islamiclojistikinternationalprivatedevelopmentcommercialinlimited,set(),0.455944056,0,FALSE,{0},0
240,obshchestvodmcckoreaticaret,set(),0.394708995,0,FALSE,{0},0
241,gasobshchestvoaokompaniya,set(),0.415632184,0,FALSE,{0},0
242,agsasimportservicesgmbh,set(),0.513043478,0,FALSE,{0},0
243,specialgmbhao,set(),0.393684211,0,FALSE,{0},0
244,publicserviceshanghaitechnology,set(),0.478225806,0,FALSE,{0},0
245,pvtproductionfederalclosedsolutionsforpetrochemicalfactory,set(),0.397603741,0,FALSE,{0},0
246,inmobiliariacomercializadoradesignjsc,set(),0.497297297,0,FALSE,{0},0
247,generalcomercializadoraimportfactoryproductiontransportation,set(),0.450546448,0,FALSE,{0},0
248,complexshahidgruppghadirinformation,set(),0.368888889,0,FALSE,{0},0
249,garciagomez,set(),0.429411765,0,FALSE,{0},0
250,hongaviationgoldenministrypetroleumcapitalcentermarine,set(),0.423164983,0,FALSE,{0},0
251,equipmentaviationotvetstvennostyuinstitutionfederalradioinsirketi,set(),0.458834499,0,FALSE,{0},0
252,mariagomezsong,set(),0.434285714,0,FALSE,{0},0
253,insurancecorporationkongpublicgoldenagencyhongmanagement,set(),0.404448622,0,FALSE,{0},0
254,songviktorovichmartinez,set(),0.468115942,0,FALSE,{0},0
255,husseinaziz,"{26081, 18051, 7843, 7845, 27590, 42956, 9587, 12824}",0.642307692,0,FALSE,{0},0
256,alekseyevicheduardo,set(),0.503157895,0,FALSE,{0},0
257,hajiigorevich,set(),0.49005848,0,FALSE,{0},0
258,cakompaniyaanonimgazpromneftexchangeservices,set(),0.386582809,0,FALSE,{0},0
259,logisticsinsurancefactoryincorporatedsciencetrust,set(),0.436156863,0,FALSE,{0},0
260,olegantonioflores,set(),0.405228758,0,FALSE,{0},0
261,jorgecholyong,"{21744, 20577, 19791}",0.595604396,0,FALSE,{0},0
262,starasiainvestdooshipping,set(),0.457230769,0,FALSE,{0},0
263,shahidagencytechnicalgruppfzeltdamining,set(),0.366153846,0,FALSE,{0},0
264,sasiranbvspecialbuilding,set(),0.451501502,0,FALSE,{0},0
265,aktsionernoerepairsciencetrustcorpindustriesopenshahid,set(),0.426493506,0,FALSE,{0},0
266,carlosmikhailovich,"{41072, 37852, 32814}",0.587012987,0,FALSE,{0},0
267,carlosalekseyahmad,set(),0.467836257,0,FALSE,{0},0
268,lopezreza,set(),0.511111111,0,FALSE,{0},0
269,nauchnollcjointocean,set(),0.403448276,0,FALSE,{0},0
270,oaounitedpvtinstitutegrupoinc,set(),0.388045977,0,FALSE,{0},0
271,aleksandrahmadbinsonghaji,set(),0.542769231,0,FALSE,{0},0
272,dinmartinez,set(),0.434285714,0,FALSE,{0},0
273,viktoralekseyevichnikolayevichyusufmikhaylovich,set(),0.413829787,0,FALSE,{0},0
274,igormahmoud,{23147},0.593939394,0,FALSE,{0},0
275,gasscienceinstituteunited,set(),0.395692308,0,FALSE,{0},0
276,ciamachineportnauchnoserviceseast,set(),0.378609626,0,FALSE,{0},0
277,servicesindustrialmanufacturingtrust,set(),0.52859175,0,FALSE,{0},0
278,stateanonimtransportinformationsociedadunitaryciarepair,set(),0.481355932,0,FALSE,{0},0
279,cvtransportationsociedadsciences,set(),0.432386364,0,FALSE,{0},0
280,transnewparsciaengineeringbranchmachineafter,set(),0.41359852,0,FALSE,{0},0
281,romandmitriyanatolievichkhalidviktor,set(),0.489189189,0,FALSE,{0},0
282,bensongjosedemajid,set(),0.405847953,0,FALSE,{0},0
283,buildingbhdenergypars,set(),0.384415584,0,FALSE,{0},0
284,statelojistikdelinformation,set(),0.40952381,0,FALSE,{0},0
285,mahmoudlopezirinamikhailibrahim,set(),0.465322581,0,FALSE,{0},0
286,oodptedooasiaindustrymanufacturingrealeood,set(),0.443078627,0,FALSE,{0},0
287,liabilityshippinginmobiliariapte,set(),0.439393939,0,FALSE,{0},0
288,borisovichmartinezhasanhamidjorge,set(),0.390017825,0,FALSE,{0},0
289,elbenchol,set(),0.463636364,0,FALSE,{0},0
290,valentinovichhernandez,set(),0.501587302,0,FALSE,{0},0
291,majidtikritivladimirovnamohamed,set(),0.470967742,0,FALSE,{0},0
292,centralinvestmentiranianrepublicgazpromneftestate,set(),0.426233766,0,FALSE,{0},0
293,alexandrovichmigueldmitriyrodriguez,set(),0.413333333,0,FALSE,{0},0
294,valentinovichrezamuhammadmohammadkonstantinovich,set(),0.418197279,0,FALSE,{0},0
295,inversionesminingholdingserviciosbhd,set(),0.443454791,0,FALSE,{0},0
296,delhkkongmarine,set(),0.486029412,0,FALSE,{0},0
297,complexcorpdigitalsociedad,set(),0.36773399,0,FALSE,{0},0
298,bankservicenamedaftertransportation,set(),0.497142857,0,FALSE,{0},0
299,fzcomachinedisnewpetroleummoneyincorporated,set(),0.442706131,0,FALSE,{0},0
300,aircraftglobalsrlsecuritytrustcomplex,set(),0.3786268,0,FALSE,{0},0
301,hongnationalscienceinmobiliariamoneysolutions,set(),0.405603865,0,FALSE,{0},0
302,manufacturinglimitedelectronicsgastechnologyand,{41380},0.559929078,0,FALSE,{0},0
303,bhdcompanypetrochemicaltrustsystemsmaritime,set(),0.515433404,0,FALSE,{0},0
304,pavlovichcholtikritiaziz,set(),0.378333333,0,FALSE,{0},0
305,luishajiriyuriykonstantin,set(),0.473230769,0,FALSE,{0},0
306,estatesecuritypublicinagdeloffshorestar,set(),0.450606061,0,FALSE,{0},0
307,cholanton,set(),0.546666667,0,FALSE,{0},0
308,kimyuryevichdinsanchez,set(),0.435573123,0,FALSE,{0},0
309,incorporatedinspecialholding,set(),0.473763441,0,FALSE,{0},0
310,unitarysteeltransportationfederal,set(),0.532620321,0,FALSE,{0},0
311,kgdetradingproizvodstvennoehkood,set(),0.45394958,0,FALSE,{0},0
312,enterprisecobusiness,set(),0.515810277,0,FALSE,{0},0
313,torresde,set(),0.488888889,0,FALSE,{0},0
314,managementcapitalfactoryengineeringaktsionernoeagplant,set(),0.412323232,0,FALSE,{0},0
315,miguelalexeyrahmankhan,set(),0.46284585,0,FALSE,{0},0
316,newenergyforsociedadliabilityarmycorporationtrade,set(),0.469387755,0,FALSE,{0},0
317,saidigorahmadmahmoudaziz,set(),0.492333333,0,FALSE,{0},0
318,andreyvladimirjorge,set(),0.532666667,0,FALSE,{0},0
319,aleksandrleonidovich,{41110},0.746438746,0,FALSE,{0},0
320,hajiluis,set(),0.533333333,0,FALSE,{0},0
321,corpinstitutionfinance,set(),0.460869565,0,FALSE,{0},0
322,miningzavodship,set(),0.38,0,FALSE,{0},0
323,associationgoldproperties,set(),0.500492611,0,FALSE,{0},0
324,olegmikhaylovich,{26178},0.645333333,0,FALSE,{0},0
325,omaralekseyevichahmedrodriguezmaria,set(),0.368888889,0,FALSE,{0},0
326,ofspecialfactoryanonimmilitarymining,set(),0.395945946,0,FALSE,{0},0
327,mohsenali,set(),0.485897436,0,FALSE,{0},0
328,tikritisergeevich,"{19041, 36835, 41109, 40241}",0.588405797,0,FALSE,{0},0
329,valentinovichhernandezsaidalomar,set(),0.473863636,0,FALSE,{0},0
330,constructionfzeequipmentogranichennoiministrygazpromneftnewpublic,set(),0.36556962,0,FALSE,{0},0
331,nikolaevichaleksandryuryevich,{23582},0.651494253,0,FALSE,{0},0
332,enterprisecompanyshenzhenprivatemanufacturing,set(),0.462222222,0,FALSE,{0},0
333,airsteelinvestmentsiranpetroleum,set(),0.455258467,0,FALSE,{0},0
334,artemtikritihusayn,set(),0.464426877,0,FALSE,{0},0
335,nikolaybinjesuskhanaleksandrovich,{35610},0.603208556,0,FALSE,{0},0
336,doofzcoinstitute,{39147},0.608088235,0,FALSE,{0},0
337,kishspecialinversionessociedadsalopendesign,set(),0.419450317,0,FALSE,{0},0
338,mohammadivanovichabbasrahman,set(),0.513793103,0,FALSE,{0},0
339,maritimefinancialtsentrinaviationlogisticsgoldcapital,set(),0.471698113,0,FALSE,{0},0
340,artemtikritiabdallaheligorevich,set(),0.483870968,0,FALSE,{0},0
341,commercialanonimbusiness,set(),0.537891738,0,FALSE,{0},0
342,goldenarmyequipment,set(),0.386147186,0,FALSE,{0},0
343,instituteminingportmachinerymanufacturingpvt,set(),0.540816327,0,FALSE,{0},0
344,gonzalezazizigorevichmikhailovich,set(),0.520499109,0,FALSE,{0},0
345,mariahaji,set(),0.507692308,0,FALSE,{0},0
346,nationalservicebankengineeringgrupocapitaltrading,set(),0.505469388,0,FALSE,{0},0
347,benhossein,{12257},0.612121212,0,FALSE,{0},0
348,ramonmikhaylovichyuryevichdenisahmad,set(),0.390990991,0,FALSE,{0},0
349,factorymilitarypetrochemicallimitedsystemsaktsionernoeacademytransport,set(),0.383742455,0,FALSE,{0},0
350,rodriguezismailomar,set(),0.505263158,0,FALSE,{0},0
351,dmccgazpromneftpublic,"{52129, 51969, 52132, 52133, 51590, 51965, 52138, 51537, 43037, 45589, 17143, 52122, 52124, 52125, 52126, 52127}",0.56017316,0,FALSE,{0},0
352,institutionresearchbv,set(),0.547186147,0,FALSE,{0},0
353,forscientificmachineryofbureauinstitutiondoo,set(),0.490707071,0,FALSE,{0},0
354,igoranatolievich,{23243},0.674509804,0,FALSE,{0},0
355,benhussein,"{12450, 12451, 11494}",0.57,0,FALSE,{0},0
356,viktorovichjorgedinvladimirovnanikolayevich,set(),0.542917548,0,FALSE,{0},0
357,losinvestproizvodstvennoescientific,set(),0.499099099,0,FALSE,{0},0
358,trustcomercializadoraelectronicsdesigninstitutekoreainvestmentpvt,set(),0.428251748,0,FALSE,{0},0
359,industrialingrupovtbcomercializadoramachinery,set(),0.476328502,0,FALSE,{0},0
360,garciaviktoraleksandrovichvasilyevichabu,set(),0.494756098,0,FALSE,{0},0
361,sanchezmohammadjesuskonstantin,set(),0.414623656,0,FALSE,{0},0
362,romanomarmohammadmiguel,set(),0.462318841,0,FALSE,{0},0
363,otvetstvennostyunewsociedad,set(),0.380496454,0,FALSE,{0},0
364,branchsciencesdesignshippingrepairde,set(),0.39039039,0,FALSE,{0},0
365,abdhassannikolay,set(),0.548529412,0,FALSE,{0},0
366,ismailolegovichrodriguezvladimirovnarahman,set(),0.411074197,0,FALSE,{0},0
367,investparsunitedshenzhenzavodasiaocean,set(),0.365587045,0,FALSE,{0},0
368,antonioabdul,set(),0.514102564,0,FALSE,{0},0
369,anatolievichsanchezigorevich,set(),0.519950739,0,FALSE,{0},0
370,thepvtcorporationparsptepropertiesorganization,set(),0.453098982,0,FALSE,{0},0
371,industriesoaovtbstate,set(),0.449350649,0,FALSE,{0},0
372,technicalmarineassociationdevelopmentcaptevtbopen,set(),0.47755102,0,FALSE,{0},0
373,yuriyvladimir,{23243},0.740659341,0,FALSE,{0},0
374,aircraftcasociedad,set(),0.393939394,0,FALSE,{0},0
375,juanabdulyahyaandreiibrahim,set(),0.446560847,0,FALSE,{0},0
376,shipbureausalmaritimescience,set(),0.402150538,0,FALSE,{0},0
377,miningfoundationfactorymanufacturingpetroleumprivateglobal,set(),0.424956166,0,FALSE,{0},0
378,aleksandrovnavladimirovna,"{49395, 32696, 44538, 44540, 44031}",0.744615385,0,FALSE,{0},0
379,corporationpterepairglobalnamedpetroleum,set(),0.435243902,0,FALSE,{0},0
380,buildinggazpromneftmanufacturingstockbvgroupmanagement,set(),0.444848485,0,FALSE,{0},0
381,vladimiraleksandrovichdinismailhernandez,set(),0.543292683,0,FALSE,{0},0
382,alexandermahmoudyuriynikolaevich,"{37842, 35764, 40117, 29703}",0.591856061,0,FALSE,{0},0
383,husseinabdulalekseyevichkonstantin,set(),0.539495798,0,FALSE,{0},0
384,ciainformationsociedadgrupohkdefensealtech,set(),0.405869324,0,FALSE,{0},0
385,ltdairoceansecuritydeoilbvmanufacturing,set(),0.431794872,0,FALSE,{0},0
386,igorcarlospavlovichbin,set(),0.403952569,0,FALSE,{0},0
387,liabilitygoldenagbuildingltdnamed,set(),0.417923186,0,FALSE,{0},0
388,antonromandmitrynikolayevichahmed,{41052},0.568270945,0,FALSE,{0},0
389,majidchol,"{44930, 39436, 15413, 25398, 7135}",0.556363636,0,FALSE,{0},0
390,hernandezdanielgonzalezviktorovich,set(),0.499663866,0,FALSE,{0},0
391,sanchezjuanvladimirtikritiluis,set(),0.396344086,0,FALSE,{0},0
392,aleksandrovichjorgeivandenismartinez,set(),0.455255255,0,FALSE,{0},0
393,inshippingfzeholding,set(),0.490952381,0,FALSE,{0},0
394,elenacholsanchezkim,set(),0.393684211,0,FALSE,{0},0
395,alexandrovichalberto,{35975},0.594,0,FALSE,{0},0
396,sanchezrahmankonstantinpavel,set(),0.45862069,0,FALSE,{0},0
397,abumikhailovichigorevich,{47821},0.574074074,0,FALSE,{0},0
398,shipgazpromneftserviciosdigitalllcmachine,set(),0.349593496,0,FALSE,{0},0
399,radioaviationinstitutiondooplant,set(),0.463636364,0,FALSE,{0},0
400,olegovichviktorovichmuhammadvalentinovichrodriguez,set(),0.358352941,0,FALSE,{0},0
401,branchotvetstvennostyuinnamed,set(),0.438690476,0,FALSE,{0},0
402,srlkongcapitaldigitalserviceimport,set(),0.379495798,0,FALSE,{0},0
403,songkonstantintikritiolga,set(),0.446774194,0,FALSE,{0},0
404,luishassanirinaborisovich,"{31945, 26445}",0.550769231,0,FALSE,{0},0
405,romanpavlovichmuhammadmahmoud,set(),0.497471264,0,FALSE,{0},0
406,kompaniyatransportationcommercialscienceplantsarlfor,set(),0.461683599,0,FALSE,{0},0
407,gomezantoniorimajidsong,set(),0.435333333,0,FALSE,{0},0
408,borisovichirinahusseinibrahim,set(),0.456091954,0,FALSE,{0},0
409,sanayiengineeringagbv,"{34114, 16443}",0.577489177,0,FALSE,{0},0
410,viktorovichkhanrijose,set(),0.485507246,0,FALSE,{0},0
411,ahmadhusayn,"{37958, 22060, 6925, 42157, 42159, 10480, 24304, 22002, 20945, 9588, 24761}",0.696969697,0,FALSE,{0},0
412,nationalrepublicjointserviceacademytechdeticaret,set(),0.380697279,0,FALSE,{0},0
413,transportalkgfinanceindustrialelectronicsrlimport,set(),0.463529412,0,FALSE,{0},0
414,managementairrussianunitedinternationalrealdel,set(),0.48640148,0,FALSE,{0},0
415,konstantinovichmario,set(),0.541538462,0,FALSE,{0},0
416,starstateticaretkonghkengineeringeood,set(),0.436219512,0,FALSE,{0},0
417,insurancebusinessaoinstitutethetechnologyjscacademy,set(),0.460377358,0,FALSE,{0},0
418,antonioolegsaid,set(),0.406666667,0,FALSE,{0},0
419,mikhaylovichahmad,set(),0.505882353,0,FALSE,{0},0
420,holdingsindustriesopenequipmenttechnicalresearch,set(),0.442176871,0,FALSE,{0},0
421,alekseyevichmajidmario,set(),0.504,0,FALSE,{0},0
422,aleksandrovnamanuelhernandezmario,set(),0.51372549,0,FALSE,{0},0
423,moneyacademytechnology,set(),0.535573123,0,FALSE,{0},0
424,saidbin,"{22020, 32171, 18428, 21963, 28685, 12562, 17367, 18619, 11740}",0.569444444,0,FALSE,{0},0
425,khalidmohammadivanovich,set(),0.528985507,0,FALSE,{0},0
426,franciscosalimaleksandrovichkim,set(),0.540322581,0,FALSE,{0},0
427,generalsirketiseasciences,set(),0.411692308,0,FALSE,{0},0
428,antonviktorovichalexeyri,{16664},0.563333333,0,FALSE,{0},0
429,equipmentdigitalirangenerallimited,set(),0.471921922,0,FALSE,{0},0
430,hosseinalekseymajidborisandrei,set(),0.415483871,0,FALSE,{0},0
431,benolegovichtikriti,set(),0.471936759,0,FALSE,{0},0
432,hasanivannikolaevichigorevichpavlovich,set(),0.468690958,0,FALSE,{0},0
433,buildingmanufacturingexport,set(),0.53997155,0,FALSE,{0},0
434,dmcccommercialexchangeindustry,set(),0.466236559,0,FALSE,{0},0
435,leonidovichantonioyuriyyuryevich,set(),0.487878788,0,FALSE,{0},0
436,josegomezirinaperez,set(),0.43030303,0,FALSE,{0},0
437,ivanovichelenaaleksandrdanielomar,set(),0.54402852,0,FALSE,{0},0
438,academysolutionsdooengineering,set(),0.526236559,0,FALSE,{0},0
439,antonioenriquealexandrovichhasanmanuel,set(),0.411875843,0,FALSE,{0},0
440,aungsalimvladimirovnajuan,set(),0.514814815,0,FALSE,{0},0
441,igorevichyongigoralexandrovichdmitriy,set(),0.476244666,0,FALSE,{0},0
442,abbasrahmanperez,set(),0.478947368,0,FALSE,{0},0
443,hajijose,set(),0.483636364,0,FALSE,{0},0
444,ahmedben,"{33952, 44865, 6916, 6925, 42159, 44442}",0.649090909,0,FALSE,{0},0
445,khalidbinirinatikriti,set(),0.490118577,0,FALSE,{0},0
446,miguelsongjorge,set(),0.48,0,FALSE,{0},0
447,developmentofdis,"{48745, 45766}",0.592647059,0,FALSE,{0},0
448,unitaryfinancialsea,set(),0.414736842,0,FALSE,{0},0
449,majidluisgarcia,set(),0.426143791,0,FALSE,{0},0
450,viktorovichmohamad,set(),0.49005848,0,FALSE,{0},0
451,nikolaevichmajidhasansalim,set(),0.456650246,0,FALSE,{0},0
452,viktorovichmikhailivanovich,{47787},0.667724868,0,FALSE,{0},0
453,centralcoportpvtmoneymachine,set(),0.383010753,0,FALSE,{0},0
454,rigarciaigoralexeysalim,set(),0.443666667,0,FALSE,{0},0
455,yuryevicheduardogonzalezkonstantinnikolay,set(),0.425319396,0,FALSE,{0},0
456,dmitriytikritimohamadrahmansong,set(),0.435555556,0,FALSE,{0},0
457,securitycompanytrade,{7774},0.643333333,0,FALSE,{0},0
458,albertoismail,{22004},0.58021978,0,FALSE,{0},0
459,lavefoundationelectronicspecialshanghaiestateiranian,set(),0.412844702,0,FALSE,{0},0
460,aoeoodcolimitedspecialgoldsolutions,set(),0.446349206,0,FALSE,{0},0
461,generalmachineasiaislamic,set(),0.499430199,0,FALSE,{0},0
462,manuelyahyamohamaddeolga,set(),0.467333333,0,FALSE,{0},0
463,coproizvodstvennoeinsurancemarineiran,set(),0.541295547,0,FALSE,{0},0
464,eoodooogroupinversionesstarinmobiliaria,set(),0.406153846,0,FALSE,{0},0
465,ticaretaircraftmilitarygeneraldooproizvodstvennoegmbh,set(),0.385087255,0,FALSE,{0},0
466,machinefzcocorporationpvtelectronicproizvodstvennoeal,set(),0.412159329,0,FALSE,{0},0
467,businessdevelopmententerprise,{37792},0.597241379,0,FALSE,{0},0
468,sarllosve,set(),0.408888889,0,FALSE,{0},0
469,abdulanatolyevichaleksandrovichsongal,set(),0.497297297,0,FALSE,{0},0
470,kgparshongproperties,set(),0.539047619,0,FALSE,{0},0
471,privateairpropertiesscienceinenergy,set(),0.389387755,0,FALSE,{0},0
472,machineryopenfoundation,"{8258, 8259, 8260, 8261, 8262, 25063, 8107, 8108, 8109, 8110, 8592, 10932, 8223, 6940, 7199}",0.555072464,0,FALSE,{0},0
473,koreabuildingsassystemsvemanagement,set(),0.497777778,0,FALSE,{0},0
474,garciariirina,set(),0.536029412,0,FALSE,{0},0
475,startrustaviationinsuranceserviceinstitutestatedel,set(),0.475843137,0,FALSE,{0},0
476,sociedadtechobshchestvotradeassociationof,set(),0.416027875,0,FALSE,{0},0
477,viktorovichhaji,set(),0.52,0,FALSE,{0},0
478,servicekgzavodcomercializadoraserviciosdesigncentral,set(),0.490006988,0,FALSE,{0},0
479,viktorovichsergey,"{37371, 26444}",0.562091503,0,FALSE,{0},0
480,rialeksandrovichkhangomeztikriti,set(),0.462878788,0,FALSE,{0},0
481,informationtechnologyglobal,{26529},0.603921569,0,FALSE,{0},0
482,mohamedkonstantinovichfranciscojesus,set(),0.43978979,0,FALSE,{0},0
483,olgaandreyabbas,set(),0.443333333,0,FALSE,{0},0
484,vladimirjesusmariomohamadleonidovich,set(),0.472522523,0,FALSE,{0},0
485,alekseydenismartinez,set(),0.462857143,0,FALSE,{0},0
486,dmccnationalgruporealrussianindustrialopen,set(),0.439202658,0,FALSE,{0},0
487,antonioigordmitriyreza,set(),0.471936759,0,FALSE,{0},0
488,abbasirinaviktor,set(),0.488970588,0,FALSE,{0},0
489,factoryglobalkongministrybuilding,set(),0.466666667,0,FALSE,{0},0
490,plantciainstitutionserviceooo,set(),0.444886364,0,FALSE,{0},0
491,machineserviciospropertiesstate,set(),0.433870968,0,FALSE,{0},0
492,cvkongservicefederationnauchnoship,set(),0.3752657,0,FALSE,{0},0
493,sirketiequipmenthkanonim,set(),0.435333333,0,FALSE,{0},0
494,alekseydeniskonstantinovich,"{16712, 50118}",0.657471264,0,FALSE,{0},0
495,binluismanuelben,set(),0.404411765,0,FALSE,{0},0
496,mohamedhassanantondemikhailovich,set(),0.506628788,0,FALSE,{0},0
497,vasilyevichomar,"{7809, 32716, 32753, 36885, 37302, 35417}",0.646666667,0,FALSE,{0},0
498,rlinsuranceotvetstvennostyubureaubusiness,set(),0.434183673,0,FALSE,{0},0
499,antoniomikhaylovichsong,"{45858, 39758, 7695, 43797, 29886}",0.604347826,0,FALSE,{0},0
500,denisvladimirovichantonio,{34947},0.673846154,0,FALSE,{0},0
501,trustscientificdigitalgruppserviceparsproizvodstvennoe,set(),0.400967937,0,FALSE,{0},0
502,associationghadirserviceticaretdesign,set(),0.428733997,0,FALSE,{0},0
503,aleksandrovichleonidovichartemhossein,set(),0.475675676,0,FALSE,{0},0
504,repairafteriranzavod,set(),0.386666667,0,FALSE,{0},0
505,servicearmyciacapitalscientificclosedgrupp,set(),0.387777778,0,FALSE,{0},0
506,elenaandrei,{49567},0.575757576,0,FALSE,{0},0
507,machineindustrytechnicaltechnologybranchrealooo,set(),0.427648766,0,FALSE,{0},0
508,estategeneralclosedproizvodstvennoeanonimoaonamed,set(),0.481632653,0,FALSE,{0},0
509,gruppsrltsentrservice,set(),0.432034632,0,FALSE,{0},0
510,yongirina,set(),0.490909091,0,FALSE,{0},0
511,enterpriseshippingafter,"{25832, 49683, 26542, 29624}",0.611640212,0,FALSE,{0},0
512,lopezaungdmitriy,set(),0.461437908,0,FALSE,{0},0
513,islamicfederationdeasiaassociationltda,set(),0.473954116,0,FALSE,{0},0
514,financeinternationaljscoceancommercialforelectronic,set(),0.514658926,0,FALSE,{0},0
515,garciajose,set(),0.519047619,0,FALSE,{0},0
516,mikhailovichbinmiguel,set(),0.510822511,0,FALSE,{0},0
517,disdmccbhdunitary,set(),0.325490196,0,FALSE,{0},0
518,alexandrovichmario,"{40272, 40268}",0.585281385,0,FALSE,{0},0
519,sdnmoneyoceanprivategrupoand,set(),0.355080214,0,FALSE,{0},0
520,goldenpetrochemicalsrlaircraftunitarycomplexmanagementsyrian,set(),0.513005464,0,FALSE,{0},0
521,airindustrysalaktsionernoe,set(),0.448275862,0,FALSE,{0},0
522,dinbintikriti,set(),0.450549451,0,FALSE,{0},0
523,informationsdnoilmachineryood,set(),0.423448276,0,FALSE,{0},0
524,exchangemachinecorp,set(),0.475789474,0,FALSE,{0},0
525,aleksandrovnasaidsanchezmanuelahmed,set(),0.412698413,0,FALSE,{0},0
526,hamidigorevichbin,set(),0.470952381,0,FALSE,{0},0
527,leonidovichsalim,set(),0.43715415,0,FALSE,{0},0
528,oodinstitutionproizvodstvennoe,set(),0.476134454,0,FALSE,{0},0
529,energynewconstructionanonimvtbiranogranichennoifoundation,set(),0.438838475,0,FALSE,{0},0
530,liabilityotvetstvennostyubureaulojistiknationalincmoneyeast,set(),0.367457627,0,FALSE,{0},0
531,nikolayevichcholsongantonhussein,set(),0.444886364,0,FALSE,{0},0
532,sanchezenriquemajidfrancisco,set(),0.423891626,0,FALSE,{0},0
533,mohsenyusufabdfranciscovladimir,set(),0.402419355,0,FALSE,{0},0
534,jorgeelenamikhailmohamed,set(),0.484,0,FALSE,{0},0
535,shenzhensirketioceantechnologypteoodltdainstitute,set(),0.489469388,0,FALSE,{0},0
536,garciadmitryandreyaleksandr,set(),0.538624339,0,FALSE,{0},0
537,sergeialekseytikriti,set(),0.453623188,0,FALSE,{0},0
538,rahmannikolayeduardo,set(),0.480952381,0,FALSE,{0},0
539,ivanriabuhaji,set(),0.435164835,0,FALSE,{0},0
540,commercialfederationpetroleumbuildinginformationindustrialindustry,set(),0.433604704,0,FALSE,{0},0
541,vedetradeand,set(),0.547435897,0,FALSE,{0},0
542,organizationgoldenstockdefenseoceanplantsarl,set(),0.451010101,0,FALSE,{0},0
543,pvttradeinmobiliariamoneydigitalunitedproductionstock,set(),0.397239057,0,FALSE,{0},0
544,nauchnoagfactory,set(),0.37826087,0,FALSE,{0},0
545,valentinovichmustafamaria,set(),0.468660969,0,FALSE,{0},0
546,anatolyevichartemabuahmadmohammad,set(),0.490909091,0,FALSE,{0},0
547,jorgedmitrymanueljesusmustafa,set(),0.356321839,0,FALSE,{0},0
548,alekseyevichleonidovichmohamadivanovich,set(),0.436410256,0,FALSE,{0},0
549,obshchestvoindustrialasiacomplex,{9764},0.560606061,0,FALSE,{0},0
550,companylosrloaofzeinsurancede,set(),0.455172414,0,FALSE,{0},0
551,peoplesaktsionernoebvvtbenterpriseiranianservices,set(),0.445877551,0,FALSE,{0},0
552,yusufabu,set(),0.483636364,0,FALSE,{0},0
553,digitalfzcomachinemoney,set(),0.363692308,0,FALSE,{0},0
554,jorgesergeyevich,{35509},0.563157895,0,FALSE,{0},0
555,azizri,set(),0.533333333,0,FALSE,{0},0
556,torressergeevichomarvladimir,set(),0.470935961,0,FALSE,{0},0
557,rahmanabbaskimhamidandrei,set(),0.425230769,0,FALSE,{0},0
558,abdullahyongaungaleksandrovich,set(),0.545376344,0,FALSE,{0},0
559,islamictechoilbhdspecial,set(),0.421774194,0,FALSE,{0},0
560,kgbvoffshoreprivatenew,set(),0.351282051,0,FALSE,{0},0
561,mininggassalmarineinvestmentvtbeast,set(),0.464126984,0,FALSE,{0},0
562,seatechnicaldoo,{41491},0.556666667,0,FALSE,{0},0
563,valentinovicheduardodmitriymuhammad,set(),0.407619048,0,FALSE,{0},0
564,rodriguezjoseabu,"{4107, 4108, 26401, 6704, 12091, 15678, 34110, 12484, 12485, 12486, 12487, 40145, 16209, 30042, 30171, 41183, 49765, 50534, 25077, 25078, 21116}",0.655147059,0,FALSE,{0},0
565,electronicindustriesaktsionernoebureauag,set(),0.528780488,0,FALSE,{0},0
566,therealfzcobureauoilunitaryproperties,set(),0.328307255,0,FALSE,{0},0
567,sergeyevichmuhammad,set(),0.515789474,0,FALSE,{0},0
568,artemelena,set(),0.485897436,0,FALSE,{0},0
569,ltdahksasconstructionoffshoreooo,set(),0.463636364,0,FALSE,{0},0
570,majidben,set(),0.483636364,0,FALSE,{0},0
571,pavlovichigoreduardovalentinovich,set(),0.532620321,0,FALSE,{0},0
572,inversionesfinanciallosasianamediran,set(),0.489189189,0,FALSE,{0},0
573,sarlequipmentsasservices,set(),0.531216931,0,FALSE,{0},0
574,abdulleonidovichenriqueabu,set(),0.394017094,0,FALSE,{0},0
575,binjesus,set(),0.442424242,0,FALSE,{0},0
576,ricarlosandreiomarvladimirovna,set(),0.545376344,0,FALSE,{0},0
577,danielalexeymustafa,set(),0.534736842,0,FALSE,{0},0
578,propertiesestateengineeringsteelprivatede,set(),0.482462253,0,FALSE,{0},0
579,songdindmitry,{16649},0.595604396,0,FALSE,{0},0
580,elabdulhusayn,set(),0.505882353,0,FALSE,{0},0
581,anatolyevichfloresalexeyhusayntorres,set(),0.395945946,0,FALSE,{0},0
582,miguelpavelandreikonstantinovich,{21184},0.652840909,0,FALSE,{0},0
583,cholsongaleksandrovichandreiviktorovich,{35756},0.557435897,0,FALSE,{0},0
584,financeeastmanagementsrlkish,set(),0.451477833,0,FALSE,{0},0
585,vladimirovnamikhailovichantonioolegovichhernandez,set(),0.425469388,0,FALSE,{0},0
586,syrianaftertechnologiesdesigncaoodcapitalproduction,set(),0.380869565,0,FALSE,{0},0
587,ismailrahmanabu,"{42177, 30084, 12919, 21914, 9595}",0.585238095,0,FALSE,{0},0
588,publicservicessociedadoftransport,set(),0.408199643,0,FALSE,{0},0
589,ivanovichtikritihosseinolegmahmoud,set(),0.367058824,0,FALSE,{0},0
590,serviciostransportationfzcooffshoreaftersystemsscience,set(),0.427213115,0,FALSE,{0},0
591,abdallahviktorovich,"{48704, 48705, 48706}",0.606060606,0,FALSE,{0},0
592,hajimohamedmohammedalexander,set(),0.505665025,0,FALSE,{0},0
593,eduardomohamedrodriguezaleksandrovnavalentinovich,set(),0.454040816,0,FALSE,{0},0
594,developmentsarlbhdbusiness,set(),0.526780627,0,FALSE,{0},0
595,antonioomar,set(),0.514102564,0,FALSE,{0},0
596,viktorrodriguez,set(),0.521052632,0,FALSE,{0},0
597,rodriguezborisviktor,{46496},0.575238095,0,FALSE,{0},0
598,goldenbuildingcommercialenergyoaozavodincorporated,set(),0.400983607,0,FALSE,{0},0
599,vladimirovnahassanromaneduardolopez,set(),0.412698413,0,FALSE,{0},0
600,inproizvodstvennoeplantincairhk,set(),0.488571429,0,FALSE,{0},0
601,pvtsolutionsbusiness,set(),0.469047619,0,FALSE,{0},0
602,inceoodanonimsciencesoaoliabilitytechnology,set(),0.465539112,0,FALSE,{0},0
603,inmobiliariaengineeringeastdevelopment,{29784},0.555168409,0,FALSE,{0},0
604,ahmadjuanmajid,set(),0.493333333,0,FALSE,{0},0
605,sarlplantdesigndelhk,set(),0.394761905,0,FALSE,{0},0
606,offshorecenterfoundationshipinvest,set(),0.447394958,0,FALSE,{0},0
607,azizgonzaleznikolaytikritikonstantinovich,set(),0.483391405,0,FALSE,{0},0
608,ibrahimcarlosirinael,set(),0.480952381,0,FALSE,{0},0
609,songpetrovichjosekhalidmikhaylovich,set(),0.464126984,0,FALSE,{0},0
610,investexchangeoil,set(),0.478947368,0,FALSE,{0},0
611,antonioelalexeyluisigorevich,set(),0.506650246,0,FALSE,{0},0
612,perezalivangarcia,set(),0.454736842,0,FALSE,{0},0
613,muhammadalbertogonzalez,set(),0.471014493,0,FALSE,{0},0
614,ministrygaskishfinancialfederationserviciosunitary,set(),0.436156863,0,FALSE,{0},0
615,alekseyevichyong,set(),0.482666667,0,FALSE,{0},0
616,rodriguezigorevichjesusolga,set(),0.53968254,0,FALSE,{0},0
617,alexanderomarvictor,"{40272, 40268}",0.562318841,0,FALSE,{0},0
618,igorevichfranciscoigormikhailovichchol,set(),0.448717949,0,FALSE,{0},0
619,aleksandrovichpavlovichalexeyalexanderabdullah,{26235},0.550508788,0,FALSE,{0},0
620,theairsaorganizationgeneral,{7201},0.562807882,0,FALSE,{0},0
621,researchsolutionsbureauaktsionernoeaviation,set(),0.441919192,0,FALSE,{0},0
622,goldenooocommercialislamictechnologybranch,set(),0.41987315,0,FALSE,{0},0
623,irinagarcia,set(),0.509090909,0,FALSE,{0},0
624,antonismail,{23627},0.625641026,0,FALSE,{0},0
625,unitaryairmarinepetrochemical,"{26819, 26820, 26822, 26824, 26825, 15950, 25046}",0.550804598,0,FALSE,{0},0
626,steelenterprisecompanykompaniyabusiness,set(),0.461538462,0,FALSE,{0},0
627,otvetstvennostyusecurityoaoticaret,set(),0.392907801,0,FALSE,{0},0
628,tsentrincltda,set(),0.473333333,0,FALSE,{0},0
629,aleksandrovnaviktorovich,{36136},0.743384615,0,FALSE,{0},0
630,shippingpeoplesinmobiliaria,set(),0.482539683,0,FALSE,{0},0
631,vladimirovnaaleksandrovnaabu,"{35170, 38661, 34598, 35621, 50663, 16688, 16690, 36799}",0.589408867,0,FALSE,{0},0
632,manuelsaidkhananatolyevich,{51681},0.626780627,0,FALSE,{0},0
633,bvfinancedoo,{24223},0.564102564,0,FALSE,{0},0
634,portsociedadrealenergyobshchestvo,set(),0.449910873,0,FALSE,{0},0
635,doodesigntradelimitedelectronic,set(),0.488709677,0,FALSE,{0},0
636,danielmarioahmedpavlovichjuan,set(),0.382988506,0,FALSE,{0},0
637,complexmarineinstitutionservicios,set(),0.449910873,0,FALSE,{0},0
638,nikolayevichenrique,set(),0.504,0,FALSE,{0},0
639,elenaborisovich,set(),0.544664032,0,FALSE,{0},0
640,shahidsrlbuildingsciencesteelagsdnoil,set(),0.341905643,0,FALSE,{0},0
641,federationliabilityshippingtechnologiesafter,set(),0.499489796,0,FALSE,{0},0
642,ramonmarialopez,set(),0.447953216,0,FALSE,{0},0
643,serviceclosedagency,set(),0.454736842,0,FALSE,{0},0
644,financialpeopleslogisticscia,set(),0.390017825,0,FALSE,{0},0
645,alexandersergeyevichabdaleksandrovich,{26235},0.660312945,0,FALSE,{0},0
646,ofincorporatedexportltdtechnicalfederation,set(),0.467331118,0,FALSE,{0},0
647,financiallossciencespetrochemicalaktsionernoeiranagency,set(),0.418059614,0,FALSE,{0},0
648,cvsrlooo,set(),0.463636364,0,FALSE,{0},0
649,deviktorovich,set(),0.526482213,0,FALSE,{0},0
650,shipfzcotechnologyelectronics,set(),0.513015873,0,FALSE,{0},0
651,aleksandrovnahusseinpetrovichtorres,set(),0.496507937,0,FALSE,{0},0
652,mariahamidtorresabdul,set(),0.476190476,0,FALSE,{0},0
653,iranglobalkishcorporationeoodsrlfor,set(),0.443454791,0,FALSE,{0},0
654,goldcapitaloil,set(),0.540952381,0,FALSE,{0},0
655,jorgeazizmajid,set(),0.43047619,0,FALSE,{0},0
656,lojistiklasciencegoldenpetrochemical,set(),0.456456456,0,FALSE,{0},0
657,mikhailovichmohammed,set(),0.549047619,0,FALSE,{0},0
658,deoceantechnologiesmilitarytrade,set(),0.530113636,0,FALSE,{0},0
659,offshoreoootheincorporateddoo,set(),0.450114943,0,FALSE,{0},0
660,jorgemohsenben,set(),0.473333333,0,FALSE,{0},0
661,salimyusufeduardoaleksandrovnael,set(),0.506628788,0,FALSE,{0},0
662,miguelmartinezviktorovichaungmaria,set(),0.442184874,0,FALSE,{0},0
663,asiashippinggazpromneft,set(),0.513043478,0,FALSE,{0},0
664,alseasolutionskgsyriancenter,set(),0.457777778,0,FALSE,{0},0
665,closedserviceunitarycenterscience,set(),0.431092437,0,FALSE,{0},0
666,yusufmohamed,"{39641, 43756, 35841, 23719}",0.714705882,0,FALSE,{0},0
667,yusufjorge,set(),0.442424242,0,FALSE,{0},0
668,newglobalmanufacturingveservices,set(),0.512121212,0,FALSE,{0},0
669,albertorikimjuanhaji,set(),0.452857143,0,FALSE,{0},0
670,torresibrahimmuhammadboris,set(),0.537891738,0,FALSE,{0},0
671,andreybenali,set(),0.485897436,0,FALSE,{0},0
672,sergeyelfrancisco,set(),0.532163743,0,FALSE,{0},0
673,transbankkongholdingislamicbusiness,set(),0.43047619,0,FALSE,{0},0
674,jorgeri,set(),0.362637363,0,FALSE,{0},0
675,perezmaria,set(),0.545454545,0,FALSE,{0},0
676,jscgroupinsuranceenergy,set(),0.437681159,0,FALSE,{0},0
677,publicmaritimecia,set(),0.461437908,0,FALSE,{0},0
678,airopenservicespeopleskorea,set(),0.421774194,0,FALSE,{0},0
679,transportationaktsionernoesas,set(),0.492903226,0,FALSE,{0},0
680,eduardosergeyrireza,set(),0.459047619,0,FALSE,{0},0
681,olegovichivanramon,set(),0.412631579,0,FALSE,{0},0
682,anatolyevichfranciscotorrescarlosmikhail,set(),0.377682927,0,FALSE,{0},0
683,centerlafinanceinsurancepars,set(),0.456091954,0,FALSE,{0},0
684,yuriyhusaynmariaolegigorevich,set(),0.523218391,0,FALSE,{0},0
685,sergeevichtorres,set(),0.524210526,0,FALSE,{0},0
686,antonyuryevichtorresolga,set(),0.498,0,FALSE,{0},0
687,abdalexandrovich,"{40272, 40268}",0.606060606,0,FALSE,{0},0
688,sergeevichabusaidjuanhaji,set(),0.500492611,0,FALSE,{0},0
689,deivanovichsergeevichvladimiralekseyevich,set(),0.52195122,0,FALSE,{0},0
690,gmbhshippinginternational,{49036},0.624501425,0,FALSE,{0},0
691,gomezcholandreymohamedgonzalez,set(),0.440430108,0,FALSE,{0},0
692,serviciossasinsurancetrust,"{27191, 47689, 43317, 43318, 27190, 27192}",0.616809117,0,FALSE,{0},0
693,oodcentertransholdings,set(),0.473517787,0,FALSE,{0},0
694,alexandercarlosolegaleksandr,set(),0.522298851,0,FALSE,{0},0
695,ticaretmachineryparsservicesinsurance,set(),0.454623044,0,FALSE,{0},0
696,vladimirovichalikhalidahmed,set(),0.497536946,0,FALSE,{0},0
697,ahmedgarciaromanmanuel,set(),0.462318841,0,FALSE,{0},0
698,privateinvestticaret,set(),0.402857143,0,FALSE,{0},0
699,nikolaymohammedyuryevichabbas,set(),0.442298851,0,FALSE,{0},0
700,antonioandrei,"{52056, 49204, 50568}",0.608571429,0,FALSE,{0},0
701,solutionsoffshorefor,set(),0.467724868,0,FALSE,{0},0
702,cagoldkishtradeequipment,set(),0.368719212,0,FALSE,{0},0
703,stockscientificelectronictransbank,set(),0.48789916,0,FALSE,{0},0
704,alborisovich,{16397},0.577142857,0,FALSE,{0},0
705,srlgroupmanagement,{42979},0.596491228,0,FALSE,{0},0
706,rezahamidjesus,set(),0.488970588,0,FALSE,{0},0
707,unitedcvtechnologiesincorporatedinmobiliariaobshchestvotrading,set(),0.410189452,0,FALSE,{0},0
708,aircraftgasexportfinancialotvetstvennostyu,set(),0.424141414,0,FALSE,{0},0
709,mustafaelenafranciscoibrahim,set(),0.486206897,0,FALSE,{0},0
710,vladimiribrahimramonahmedflores,set(),0.408870968,0,FALSE,{0},0
711,alaleksandrovichhasanperez,{16659},0.573544974,0,FALSE,{0},0
712,romanalexandermohsenbinmanuel,set(),0.435402299,0,FALSE,{0},0
713,sociedadltdabuildingpvt,set(),0.410461538,0,FALSE,{0},0
714,olegovichahmedolga,set(),0.392857143,0,FALSE,{0},0
715,aungvaleryevichabdallahlopeztikriti,set(),0.418412698,0,FALSE,{0},0
716,airholdingticaretaktsionernoefederaldefenseinvestmentrepublic,set(),0.391433104,0,FALSE,{0},0
717,inversionespterepairdmccmanagementglobal,set(),0.421707317,0,FALSE,{0},0
718,scientificholdingsfinance,set(),0.52,0,FALSE,{0},0
719,ltdoceanindustriesenterpriseshenzhencenter,set(),0.471650055,0,FALSE,{0},0
720,propertiesminingooo,set(),0.505263158,0,FALSE,{0},0
721,enterprisenauchnounitedbvincorporatedspecialshipping,set(),0.424092888,0,FALSE,{0},0
722,mohammedmarioigorevichmikhailovich,set(),0.534285714,0,FALSE,{0},0
723,petrochemicaliraniangmbheoodlosminingbvmarine,set(),0.432657005,0,FALSE,{0},0
724,alenriquealexanderrahman,set(),0.529195402,0,FALSE,{0},0
725,manuelmohammedolegperez,set(),0.444927536,0,FALSE,{0},0
726,migueljesusfrancisco,set(),0.493349754,0,FALSE,{0},0
727,commerciallasolutions,{37926},0.611640212,0,FALSE,{0},0
728,comercializadoraaviationdefenseelectronicbuildingbvholdingsbank,set(),0.38657289,0,FALSE,{0},0
729,engineeringnauchnosarlhongjointde,set(),0.425668449,0,FALSE,{0},0
730,corporationmachinerycentralaircraftshipaktsionernoekompaniya,set(),0.443846154,0,FALSE,{0},0
731,abdullahyuriycarlosmikhailovichgonzalez,set(),0.407179487,0,FALSE,{0},0
732,oceanfzcoclosedtradeciadevelopmentbusiness,set(),0.427439614,0,FALSE,{0},0
733,comercializadoraglobalsa,"{16643, 46215, 6663, 13453, 10002, 37268, 49817, 49818, 12185, 540, 10651, 10652, 10653, 8736, 10654, 21666, 10655, 7583, 11557, 551, 552, 555, 9387, 12474, 23613, 13378, 21571, 12101, 21075, 21076, 15190, 16471, 15712, 11875, 12899}",0.734333333,0,FALSE,{0},0
734,researchmoscowservice,set(),0.432034632,0,FALSE,{0},0
735,globalrealthemarinetechmoscowinvestmentsservicios,set(),0.449632653,0,FALSE,{0},0
736,mahmoudvladimirovnavladimir,{41051},0.617989418,0,FALSE,{0},0
737,goldimportinforship,set(),0.362318841,0,FALSE,{0},0
738,dmitrymigueligorpavlovich,set(),0.472,0,FALSE,{0},0
739,scientificpetroleumaviationfactorysecurityotvetstvennostyunamedco,set(),0.398041958,0,FALSE,{0},0
740,songirinadecarlosolga,set(),0.432034632,0,FALSE,{0},0
741,anatolievichsergeiibrahimdaniel,set(),0.458064516,0,FALSE,{0},0
742,comercializadoraresearchogranichennoifactorypvtindustryfzeood,set(),0.397567425,0,FALSE,{0},0
743,electronicstockscientificpropertiesproduction,set(),0.493333333,0,FALSE,{0},0
744,digitalshippingbranchsea,set(),0.468666667,0,FALSE,{0},0
745,miningcalaobshchestvokompaniyaclosedlimited,set(),0.451585624,0,FALSE,{0},0
746,khanjuanaleksandrnikolaevichali,{28184},0.641935484,0,FALSE,{0},0
747,inversionesdelforsaselectronicsalltdllc,set(),0.521022067,0,FALSE,{0},0
748,eoodpetroleumshahid,set(),0.495238095,0,FALSE,{0},0
749,eoodcentralforllcsciencesfoundation,set(),0.457777778,0,FALSE,{0},0
750,majidjorge,{6866},0.660606061,0,FALSE,{0},0
751,ibrahimabdul,"{22145, 22149, 13157, 10119, 17036, 13395, 7222, 21561, 9758}",0.625641026,0,FALSE,{0},0
752,leonidovichivanovichvasilyevichtikriti,set(),0.504993252,0,FALSE,{0},0
753,energytsentrnewaviationmarine,set(),0.462988506,0,FALSE,{0},0
754,enriquealeksandrovnaigorevich,"{19035, 35645}",0.630804598,0,FALSE,{0},0
755,majidfloresartemsongjorge,set(),0.378461538,0,FALSE,{0},0
756,martinezdmitryvaleryevich,{22544},0.667076923,0,FALSE,{0},0
757,mikhailovichaleksandrsergeysalimenrique,set(),0.487692308,0,FALSE,{0},0
758,khanibrahimhusaynkimaleksandrovna,set(),0.517310924,0,FALSE,{0},0
759,mohammadde,"{44929, 30087, 21387, 6924, 6925, 6927, 6928, 10898, 6935, 15008, 8867, 45093, 40742, 13357, 32174, 12592, 12594, 13127, 23625, 52304, 45015, 15831, 29019, 24032, 15204, 11748, 25062, 29800, 30961, 9593, 9595, 46076, 9597}",0.678787879,0,FALSE,{0},0
760,omarpavel,{15880},0.575757576,0,FALSE,{0},0
761,developmentcompanystatetransport,{11641},0.565340909,0,FALSE,{0},0
762,elenaanatolyevichismailsanchez,set(),0.482258065,0,FALSE,{0},0
763,elhosseinigorevichmariaivan,set(),0.481481481,0,FALSE,{0},0
764,vladimirovichsaidhamid,set(),0.506333333,0,FALSE,{0},0
765,oilequipmentinternationalsea,{19390},0.555665025,0,FALSE,{0},0
766,goldoceandefense,set(),0.509047619,0,FALSE,{0},0
767,yuriydanielalexandrovichsanchez,set(),0.540322581,0,FALSE,{0},0
768,husaynelalexanderabbashossein,set(),0.436321839,0,FALSE,{0},0
769,deniscarlos,set(),0.507692308,0,FALSE,{0},0
770,irinaluislopezbindin,set(),0.364761905,0,FALSE,{0},0
771,yuriyandreiyuryevich,{37676},0.658102767,0,FALSE,{0},0
772,gomezvladimirivanovichvasilyevichigor,set(),0.523186344,0,FALSE,{0},0
773,deniseduardosaidmohamed,set(),0.513043478,0,FALSE,{0},0
774,electronicselectronicsacolimitedclosedinvestments,set(),0.46155102,0,FALSE,{0},0
775,riabualekseyyuryevich,{38666},0.636307692,0,FALSE,{0},0
776,exportasiahongtradingmachineryinsurance,set(),0.461538462,0,FALSE,{0},0
777,azizdanielbinalekseyevichgonzalez,set(),0.461319073,0,FALSE,{0},0
778,stockinmobiliariainvestmenttransportproizvodstvennoe,set(),0.449854862,0,FALSE,{0},0
779,maritimesyrianopeninmobiliariafederationtransportation,set(),0.485050505,0,FALSE,{0},0
780,abdulmikhailelyong,set(),0.414619883,0,FALSE,{0},0
781,nationalresearchsciencetranshonginstitutionimport,set(),0.465239478,0,FALSE,{0},0
782,elaungdenisvaleryevichfrancisco,set(),0.449910873,0,FALSE,{0},0
783,elramongomezivanovichirina,set(),0.44017094,0,FALSE,{0},0
784,khanabuandreikimmaria,set(),0.420779221,0,FALSE,{0},0
785,sciencessystemsproductiondmcc,set(),0.445967742,0,FALSE,{0},0
786,marinesassrlfinancialaktsionernoeopengold,set(),0.377932636,0,FALSE,{0},0
787,igorevichandreiomarde,set(),0.52034632,0,FALSE,{0},0
788,abdullahkhalidtorres,set(),0.539047619,0,FALSE,{0},0
789,dmitrysalimvladimirovnaaziz,set(),0.51005291,0,FALSE,{0},0
790,sergeevichmikhaylovichtorres,set(),0.534236453,0,FALSE,{0},0
791,incportsyriandisarmy,set(),0.432857143,0,FALSE,{0},0
792,pavelismail,{22004},0.593939394,0,FALSE,{0},0
793,vladimirovnaaleksandrovichleonidovichtorresabbas,set(),0.450510204,0,FALSE,{0},0
794,aleksandrmigueljorgeleonidovicholga,set(),0.48,0,FALSE,{0},0
795,liabilitymachineresearchminingsecuritygrupoooocv,set(),0.388690476,0,FALSE,{0},0
796,delenterpriseservicesislamicgrupoandfze,set(),0.482564103,0,FALSE,{0},0
797,veinversionesiraniannew,set(),0.532666667,0,FALSE,{0},0
798,tsentrparsinstitutionnewaircraftrepublicsyrianservice,set(),0.419986024,0,FALSE,{0},0
799,associationinstitutebankcvpublic,set(),0.475378788,0,FALSE,{0},0
800,proizvodstvennoegazpromneftelectronicreal,set(),0.492682927,0,FALSE,{0},0
801,enriquejuanborisovichaleksandr,set(),0.501612903,0,FALSE,{0},0
802,repairresearchinversionessasiranianmilitarylos,set(),0.401397624,0,FALSE,{0},0
803,dmitriysergeevichomaranton,{35320},0.558689459,0,FALSE,{0},0
804,pavlovichmariohernandez,set(),0.434782609,0,FALSE,{0},0
805,lojistikiranimporttheminingorganizationtechnology,set(),0.441355932,0,FALSE,{0},0
806,viktorvladimirovichmikhaylovichborisovichnikolay,set(),0.438010204,0,FALSE,{0},0
807,vasilyevichivanabd,"{7809, 32716, 32753, 36885, 37302, 35417}",0.557538462,0,FALSE,{0},0
808,proizvodstvennoesteelnationalcainformationsanayi,set(),0.467517007,0,FALSE,{0},0
809,albertoibrahim,"{7649, 33281, 26088, 21325, 33231, 33233, 43417, 43418, 43419}",0.676190476,0,FALSE,{0},0
810,dindmitriynikolayabualeksandrovna,{50176},0.556149733,0,FALSE,{0},0
811,manuelmahmoudanatolievich,{33401},0.550769231,0,FALSE,{0},0
812,elenahusseinandreygomez,set(),0.444927536,0,FALSE,{0},0
813,republicenergyagciastateexchange,set(),0.408235294,0,FALSE,{0},0
814,yahyadanieldinivanhussein,set(),0.489230769,0,FALSE,{0},0
815,publicpetrochemicalgmbhmoney,{28348},0.590394089,0,FALSE,{0},0
816,joseyuryevichdanielanatolievich,set(),0.509677419,0,FALSE,{0},0
817,mariomohammedigordaniel,set(),0.504347826,0,FALSE,{0},0
818,alradiode,set(),0.536363636,0,FALSE,{0},0
819,researchtechnologiesplantscientific,set(),0.544040404,0,FALSE,{0},0
820,aungpavlovichyuriyenriquerahman,set(),0.389516129,0,FALSE,{0},0
821,liabilitystockbvcentralsyriangasinc,set(),0.391363023,0,FALSE,{0},0
822,internationalequipmentrealelectronicholdingserviciosinversionesstate,set(),0.427237852,0,FALSE,{0},0
823,andreyismail,{23627},0.564102564,0,FALSE,{0},0
824,engineeringstockgruppgazpromneftcaanonim,set(),0.405731707,0,FALSE,{0},0
825,inversionessyrianoodsasenterprisefzelimited,set(),0.524735729,0,FALSE,{0},0
826,eligor,set(),0.442857143,0,FALSE,{0},0
827,internationalpetrochemicalindustriesaviationtechnologiesgrupo,set(),0.507773665,0,FALSE,{0},0
828,yusufabd,set(),0.424242424,0,FALSE,{0},0
829,iranianspecialla,set(),0.53019943,0,FALSE,{0},0
830,tikritialdemohammed,set(),0.515789474,0,FALSE,{0},0
831,mohsendmitriyhosseinsanchezgarcia,set(),0.36114082,0,FALSE,{0},0
832,newpetroleumoceanmining,set(),0.420289855,0,FALSE,{0},0
833,dmitriyhassannikolayevichandreihussein,set(),0.447638327,0,FALSE,{0},0
834,fzeinternationalsanayidigital,set(),0.524137931,0,FALSE,{0},0
835,konstantinovichviktorovich,{31291},0.670344828,0,FALSE,{0},0
836,shipoceancorpindustriescagrupoindustryarmy,set(),0.406312292,0,FALSE,{0},0
837,marialeonidovichirina,set(),0.523,0,FALSE,{0},0
838,ofelectronicshong,"{49927, 39819, 11533, 51857, 40922}",0.604210526,0,FALSE,{0},0
839,exchangesdnsociedad,set(),0.452631579,0,FALSE,{0},0
840,torresanton,set(),0.523076923,0,FALSE,{0},0
841,songboris,set(),0.444444444,0,FALSE,{0},0
842,mohammedalekseyevichalbertoborisreza,set(),0.445345345,0,FALSE,{0},0
843,unitedexportfinancialgmbhinversioneslojistikafter,set(),0.389061224,0,FALSE,{0},0
844,abuben,set(),0.408888889,0,FALSE,{0},0
845,igorevichdin,set(),0.476923077,0,FALSE,{0},0
846,petroleumplantco,set(),0.50994152,0,FALSE,{0},0
847,oceanpetroleumshipaktsionernoebank,set(),0.436302521,0,FALSE,{0},0
848,sarlairfinanceinformationhongkongholding,set(),0.416707317,0,FALSE,{0},0
849,associationmoneycaimportotvetstvennostyubhdirancompany,set(),0.456228956,0,FALSE,{0},0
850,perezmustafaanatolyevichnikolaevichalexander,set(),0.445656566,0,FALSE,{0},0
851,holdingforsecuritycommercialcv,set(),0.461290323,0,FALSE,{0},0
852,ticaretcentralmanufacturingimportassociationinstitution,set(),0.44025974,0,FALSE,{0},0
853,dmitriyeduardoal,set(),0.548529412,0,FALSE,{0},0
854,financialltdcoiranianinmobiliariaport,set(),0.448648649,0,FALSE,{0},0
855,husaynalbertonikolaevichviktorvladimirovna,set(),0.475968992,0,FALSE,{0},0
856,abdullahbinborisel,set(),0.524333333,0,FALSE,{0},0
857,sasciencesairooodefense,set(),0.414516129,0,FALSE,{0},0
858,igorevichanatolievichalianton,set(),0.522298851,0,FALSE,{0},0
859,radiosaticaretfzcodel,set(),0.386666667,0,FALSE,{0},0
860,portservicioseastcorporationgroupsrltsentr,set(),0.429678848,0,FALSE,{0},0
861,buildingairtrademanagementbranchkoreaeast,set(),0.400929152,0,FALSE,{0},0
862,albertoivan,set(),0.407692308,0,FALSE,{0},0
863,sciencesliabilityoceansa,set(),0.433618234,0,FALSE,{0},0
864,otvetstvennostyuhonggazpromneftexchangetransportationstate,set(),0.457175141,0,FALSE,{0},0
865,kgaktsionernoefactorysasstatebusiness,set(),0.434139403,0,FALSE,{0},0
866,sociedadconstructionbankholdings,set(),0.480871212,0,FALSE,{0},0
867,kompaniyaspecialoceangeneralasiatrust,set(),0.396301565,0,FALSE,{0},0
868,mikhailovichvladimirdinfloressanchez,set(),0.488588589,0,FALSE,{0},0
869,jorgesongcholhusayn,set(),0.425263158,0,FALSE,{0},0
870,exchangescienceinvestmentsfzekoreainvestment,set(),0.428282828,0,FALSE,{0},0
871,dmitriyvladimirovna,{38663},0.628307692,0,FALSE,{0},0
872,aleksandrovichvalentinovichpavlovichahmed,set(),0.492218351,0,FALSE,{0},0
873,fzcosdntechnologydis,set(),0.519047619,0,FALSE,{0},0
874,hamidomar,"{40401, 12823, 10937, 48698, 9659, 8095}",0.660606061,0,FALSE,{0},0
875,cvcomercializadorastockcorptransoil,"{16643, 46215, 6663, 13453, 10002, 37268, 49817, 49818, 12185, 540, 10651, 10652, 10653, 8736, 10654, 21666, 10655, 7583, 11557, 551, 552, 555, 9387, 12474, 23613, 13378, 21571, 12101, 21075, 21076, 15190, 16471, 15712, 11875, 12899}",0.558095238,0,FALSE,{0},0
876,ismailkhanaleksandrovichrahman,{35457},0.551182796,0,FALSE,{0},0
877,goldengruppao,set(),0.518681319,0,FALSE,{0},0
878,eastoodequipmentjscexport,set(),0.395692308,0,FALSE,{0},0
879,vladimirrodriguezpavelnikolayevich,"{40273, 36882}",0.615294118,0,FALSE,{0},0
880,dejoseelenasergeevichahmad,set(),0.454415954,0,FALSE,{0},0
881,sanchezenriqueahmedaleksandrovichrodriguez,set(),0.411074197,0,FALSE,{0},0
882,mikhailovicholegkhalidhasan,{16678},0.567195767,0,FALSE,{0},0
883,hajialhusayn,{24528},0.608571429,0,FALSE,{0},0
884,companysasanonimelectronicgloballlcholding,set(),0.485492802,0,FALSE,{0},0
885,logisticstradingiranhonggrupoobshchestvokompaniyaport,set(),0.431618936,0,FALSE,{0},0
886,hassanvaleryevichromancholpavel,set(),0.433064516,0,FALSE,{0},0
887,namedportplantindustriesbureaucorporationpvt,set(),0.472695035,0,FALSE,{0},0
888,ladevelopmentpvt,{40199},0.664705882,0,FALSE,{0},0
889,petrochemicalgeneralmoneygoldpropertiesequipmentptebuilding,set(),0.397966102,0,FALSE,{0},0
890,mohamadgarciamartinezsanchez,set(),0.443349754,0,FALSE,{0},0
891,unitedtechnologiespte,{48430},0.669,0,FALSE,{0},0
892,hongfzeminingmachinery,{45074},0.667193676,0,FALSE,{0},0
893,inversionesnamedjoint,"{10001, 12440, 8741, 11854, 11855, 11856, 11857, 23890, 11858, 11860, 11859, 15710, 16990, 19937, 23905, 28009, 19178, 27243, 16630, 16631, 16632, 10234, 7291, 13436}",0.550649351,0,FALSE,{0},0
894,eastnewspecialfactorykoreanauchnolojistik,set(),0.368176539,0,FALSE,{0},0
895,abujorgemikhailovichgarciavasilyevich,set(),0.455192034,0,FALSE,{0},0
896,abdhosseinigorhasan,set(),0.507142857,0,FALSE,{0},0
897,majidsongdemohamed,set(),0.501169591,0,FALSE,{0},0
898,factorycalaacademynauchnomachine,set(),0.344250871,0,FALSE,{0},0
899,digitaltechcaresearchrussiantrade,set(),0.449910873,0,FALSE,{0},0
900,tradingassociationtechdiscapitalsciencefederal,set(),0.409183673,0,FALSE,{0},0
901,omarigoryusuf,set(),0.450549451,0,FALSE,{0},0
902,commercialpublicaviationacademyiranopenpetroleum,set(),0.425510204,0,FALSE,{0},0
903,valentinovichyuryevichmariojorgekhalid,set(),0.39608637,0,FALSE,{0},0
904,anatolievichismailchol,set(),0.462769231,0,FALSE,{0},0
905,nationalfoundationiranlogisticsindustry,set(),0.487804878,0,FALSE,{0},0
906,igorevichcarlos,set(),0.443333333,0,FALSE,{0},0
907,digitalstarnauchnointernationallojistikgeneralprivate,set(),0.479524808,0,FALSE,{0},0
908,ibrahimmanuel,"{22145, 22149, 13157, 10119, 17036, 13395, 7222, 21561, 9758}",0.652747253,0,FALSE,{0},0
909,nikolayevichvasilyevich,{35400},0.688615385,0,FALSE,{0},0
910,ahmedabdullah,"{45065, 45002, 27015}",0.775163399,0,FALSE,{0},0
911,obshchestvoorganizationexchange,set(),0.445967742,0,FALSE,{0},0
912,gonzalezomaralekseymahmoud,set(),0.44017094,0,FALSE,{0},0
913,oceangroupkgglobalcentral,set(),0.44,0,FALSE,{0},0
914,trustbranchindustrial,set(),0.485714286,0,FALSE,{0},0
915,alexandrovicholgahusseinvalentinovichelena,set(),0.453045404,0,FALSE,{0},0
916,rodriguezben,"{40838, 42028, 31533, 7631, 40145, 25077, 51319, 19133, 51390, 23135}",0.725274725,0,FALSE,{0},0
917,jorgehajifranciscoabdallah,set(),0.482539683,0,FALSE,{0},0
918,namedshenzhenmaritimefinancecvmilitaryoodnauchno,set(),0.376870748,0,FALSE,{0},0
919,aviationsdndeaircraftgruppeasttechnicalexport,set(),0.392270531,0,FALSE,{0},0
920,liabilityservicecorporationlos,"{49152, 45059, 51204, 45061, 49158, 45063, 51205, 51206, 51208, 45068, 45069, 45070, 45071, 51212, 51215, 49170, 45075, 49175, 49176, 51224, 49180, 45086, 45087, 51231, 51233, 45090, 45091, 51236, 49193, 51242, 49194, 51243, 49197, 51246, 41007, 49199, 41009, 49202, 41011, 49203, 41013, 51248, 51250, 51267, 51276, 51281, 43100, 43101, 47200, 41057, 41058, 43106, 43107, 30822, 41065, 43117, 49262, 43120, 43121, 43123, 49267, 49268, 26744, 43129, 41082, 49273, 49276, 49275, 43134, 49278, 49279, 49281, 49284, 36999, 49296, 49299, 47252, 47253, 47254, 41111, 41113, 41114, 41115, 41116, 41117, 41118, 41119, 41120, 41121, 41122, 49307, 49317, 49319, 47293, 47294, 47295, 47296, 47297, 49352, 46039, 43223, 43228, 39140, 39141, 43238, 49381, 51431, 45289, 43242, 43244, 43245, 43246, 43247, 43248, 43249, 43250, 49391, 49393, 43253, 49394, 49397, 49400, 49401, 33016, 39164, 49405, 46048, 47361, 49409, 49411, 35075, 47362, 43270, 49414, 49419, 49420, 49421, 51470, 43278, 43280, 43281, 49423, 49426, 49427, 49429, 49430, 49431, 49425, 49433, 49434, 49435, 49436, 49437, 49438, 49439, 49432, 49441, 49442, 46054, 49444, 49445, 47393, 49447, 49448, 45353, 47400, 18731, 49452, 47402, 47406, 49455, 49459, 47412, 49461, 46059, 18744, 18748, 49468, 46060, 18751, 49472, 47428, 49478, 47431, 49481, 49482, 49484, 49486, 49488, 51541, 51545, 49502, 49505, 49506, 50138, 51557, 49512, 47476, 49526, 49527, 47479, 47482, 47485, 47489, 47490, 47493, 47494, 47496, 51593, 47497, 47499, 47500, 47507, 51604, 47508, 47509, 47511, 47512, 47518, 52187, 35244, 47537, 47538, 47540, 47541, 47542, 47543, 47544, 52190, 16828, 47550, 47559, 52195, 51679, 47584, 47587, 51469, 47595, 47604, 47605, 47611, 47612, 35324, 47615, 47618, 47619, 27143, 51727, 47631, 47644, 25119, 39187, 50178, 45619, 51766, 47673, 47674, 47676, 51774, 47686, 47695, 19028, 25181, 47713, 37481, 49776, 33394, 49782, 49791, 37504, 47747, 47757, 47758, 47760, 47761, 47762, 45713, 45714, 45715, 37521, 47768, 47769, 47771, 47772, 47774, 47778, 47780, 47781, 47783, 47784, 47785, 47788, 47789, 47790, 47792, 47794, 47795, 47796, 47801, 45753, 47803, 47807, 47811, 47816, 47824, 47827, 45780, 47833, 47835, 47837, 47838, 47841, 47842, 47843, 47844, 47845, 47846, 47847, 47848, 47849, 47850, 47852, 47853, 47854, 47855, 47856, 47857, 47858, 47861, 47866, 51963, 51964, 51965, 51966, 47867, 51968, 47873, 51970, 51971, 47872, 51973, 47877, 47878, 51977, 51980, 47884, 51982, 51983, 47886, 51985, 51986, 47889, 51988, 51989, 47892, 47893, 51992, 47897, 47898, 49940, 47900, 47901, 49943, 49942, 49945, 47905, 47906, 49950, 49951, 47909, 52006, 49956, 47912, 49954, 49959, 49961, 52012, 52013, 49963, 52015, 37671, 52017, 37673, 52019, 47924, 47923, 52026, 47930, 52030, 52033, 47937, 47938, 52036, 47943, 47944, 47946, 49996, 47949, 47950, 47954, 47955, 47956, 47957, 47958, 47959, 47960, 47961, 47962, 47963, 47964, 50010, 47966, 47967, 50011, 47969, 47970, 50012, 50013, 50015, 50014, 45922, 45920, 45925, 45930, 45929, 45927, 47981, 45934, 47983, 45931, 45933, 47986, 45936, 45932, 45939, 45940, 47991, 47992, 45942, 45944, 45946, 45945, 45949, 47998, 47999, 45948, 45953, 45951, 48003, 45955, 45956, 45957, 45950, 48008, 37769, 37770, 48011, 37768, 45960, 45963, 48015, 48016, 45965, 45966, 45970, 45971, 45972, 45967, 45969, 48024, 45973, 45974, 48027, 45979, 48029, 48030, 45981, 52128, 45976, 45983, 45988, 45990, 45993, 45994, 45996, 45999, 46000, 48051, 48052, 48053, 46006, 46013, 41919, 46015, 46018, 46019, 46021, 46022, 46023, 46025, 46026, 46028, 46029, 46030, 50124, 46032, 52177, 46035, 46037, 52182, 52183, 46038, 46040, 52186, 46041, 52188, 52189, 43998, 46042, 52192, 52193, 48098, 46043, 46044, 46047, 52198, 52199, 52200, 52201, 48103, 52203, 52204, 52205, 52206, 52207, 48105, 52209, 50162, 52211, 44020, 50165, 50166, 52215, 50160, 50161, 50168, 52219, 52221, 52223, 23552, 52225, 41986, 52227, 41987, 41988, 52230, 23559, 44035, 52233, 23562, 52235, 50184, 50182, 41998, 46088, 23568, 23569, 23570, 52243, 23572, 52236, 52238, 35866, 52252, 52255, 42022, 44076, 44077, 44078, 42031, 44083, 44085, 44086, 50229, 44089, 35899, 44092, 35900, 44094, 44095, 44096, 25691, 50270, 42083, 42084, 42085, 50276, 50278, 44139, 44140, 44141, 44146, 50291, 36047, 44151, 38016, 50306, 48260, 44164, 50308, 50310, 50312, 50314, 50316, 50317, 50318, 50321, 50322, 50323, 50327, 50329, 50330, 50333, 50340, 38053, 50341, 44199, 50342, 38057, 38058, 38059, 38060, 44202, 50344, 50345, 50348, 50350, 50351, 50353, 50356, 44215, 19640, 48313, 44218, 31928, 50361, 50363, 44223, 50367, 50368, 50370, 50373, 50374, 42184, 50377, 50378, 50379, 50381, 50383, 50384, 50385, 50386, 50387, 50388, 50389, 50390, 50391, 42200, 42203, 42204, 50396, 50398, 50399, 50400, 50397, 50402, 50405, 50406, 50407, 50409, 50410, 50411, 50412, 50416, 44281, 40186, 44283, 50427, 50428, 40190, 50431, 50434, 40198, 50439, 49917, 40203, 40206, 50447, 48402, 45851, 47887, 48425, 48426, 48430, 48431, 52532, 48439, 52541, 52544, 52546, 52547, 52549, 52551, 52552, 52554, 52555, 46410, 52557, 38223, 52575, 52576, 52577, 52578, 47899, 48484, 52581, 52583, 48489, 52585, 48495, 48496, 48506, 48508, 48511, 48512, 49941, 48522, 48527, 46052, 49944, 52629, 52631, 52633, 52636, 48541, 48542, 52643, 48548, 49948, 48553, 48557, 52657, 46519, 52664, 46528, 48587, 46700, 36327, 52715, 46576, 46577, 46580, 46583, 48637, 44544, 26119, 48648, 36365, 36366, 36367, 48657, 46616, 46617, 46618, 48667, 46620, 46619, 34337, 48685, 48686, 48687, 48688, 48689, 50737, 46642, 48692, 48693, 50741, 50743, 46644, 46645, 46646, 46648, 46652, 36418, 36419, 48708, 46661, 36421, 46663, 46664, 36422, 34378, 34379, 46666, 46668, 36423, 50769, 46673, 50772, 50773, 50774, 46676, 50776, 50777, 46682, 46683, 50779, 46677, 50782, 50783, 50784, 50785, 46684, 50787, 50788, 50789, 48743, 45916, 50791, 46695, 46698, 50796, 40557, 50797, 50799, 50798, 40561, 45918, 50801, 50803, 50805, 46704, 50807, 50808, 24185, 50809, 50810, 50812, 46709, 50814, 46717, 50816, 46718, 50818, 50819, 50820, 50821, 46721, 50823, 46728, 46732, 46734, 46742, 46752, 46753, 48802, 46755, 48805, 48817, 48822, 48826, 46778, 48833, 48840, 50888, 48844, 36556, 50894, 48847, 50893, 50895, 50898, 50008, 50899, 50909, 48863, 48866, 48867, 48868, 48869, 48870, 46824, 18669, 34542, 48883, 48885, 48887, 48889, 48891, 48893, 44804, 48901, 48902, 48903, 48904, 48905, 50960, 50969, 23565, 50981, 34597, 44850, 44853, 45959, 45961, 34637, 34638, 40783, 44879, 34639, 34642, 44883, 40788, 48981, 40790, 34641, 36464, 48988, 51037, 40802, 40804, 40805, 32613, 34662, 40808, 40810, 42858, 40812, 40813, 40814, 40815, 40816, 40817, 40818, 34669, 40820, 40821, 40822, 40823, 44916, 34676, 49020, 42877, 26505, 51083, 51086, 40867, 40868, 44964, 32679, 32681, 18708, 32692, 44983, 44984, 44985, 44987, 44988, 44993, 44995, 44996, 44997, 34758, 44999, 45000, 45001, 51144, 45003, 45005, 40912, 40913, 45008, 45009, 45010, 45011, 45012, 45013, 45016, 45017, 32730, 32731, 51160, 32733, 45024, 45028, 42981, 32744, 45033, 51177, 45035, 45036, 51180, 45038, 51181, 51185, 45043, 45045, 51189, 45047, 49147, 22526}",0.59714795,0,FALSE,{0},0
921,forbusinessinformationnauchnomilitarytransfinance,set(),0.481632653,0,FALSE,{0},0
922,antoniovladimirbeneduardoomar,set(),0.469885057,0,FALSE,{0},0
923,khalidsergey,set(),0.547435897,0,FALSE,{0},0
924,mahmoudhernandeztikritiibrahimelena,set(),0.418412698,0,FALSE,{0},0
925,mohammedde,"{44929, 30087, 21387, 6924, 6925, 6927, 6928, 10898, 6935, 15008, 8867, 45093, 40742, 13357, 32174, 12592, 12594, 13127, 23625, 52304, 45015, 15831, 29019, 24032, 15204, 11748, 25062, 29800, 30961, 9593, 9595, 46076, 9597}",0.625641026,0,FALSE,{0},0
926,insuranceprivategroupoilmanagement,set(),0.45394958,0,FALSE,{0},0
927,enriquehernandez,set(),0.490952381,0,FALSE,{0},0
928,incorporatedshippingelectronics,{47370},0.552419355,0,FALSE,{0},0
929,securitypublicdoolosindustry,set(),0.526108374,0,FALSE,{0},0
930,grupotradinggmbhmaritime,set(),0.460968661,0,FALSE,{0},0
931,energydigitalcompanyinsurancetsentraircraftpetrochemicalinstitution,set(),0.453731343,0,FALSE,{0},0
932,shippingdisindustryunitarykishfederationandtrading,set(),0.439411028,0,FALSE,{0},0
933,alexeyvictormiguel,set(),0.460952381,0,FALSE,{0},0
934,commercialgeneralooosociedadkishsecurity,set(),0.397903564,0,FALSE,{0},0
935,manufacturingislamicconstructionmaritimecompany,set(),0.494419306,0,FALSE,{0},0
936,dmccconstructionjointservicescorpfinancepeoples,set(),0.397514124,0,FALSE,{0},0
937,songahmed,{6916},0.556363636,0,FALSE,{0},0
938,industrialptegoldstaranonimarmyenergy,set(),0.425731707,0,FALSE,{0},0
939,yongalekseyperezmuhammadkhalid,set(),0.474623656,0,FALSE,{0},0
940,yongpetrovich,set(),0.505882353,0,FALSE,{0},0
941,nikolayevichabdallahhernandezkonstantinovich,set(),0.464646465,0,FALSE,{0},0
942,borisaleksandrovichramongarciamikhailovich,set(),0.522702104,0,FALSE,{0},0
943,lopezsaidirina,set(),0.414736842,0,FALSE,{0},0
944,husaynsergeienriquesalim,set(),0.395,0,FALSE,{0},0
945,kompaniyainmobiliariahkenterpriseopenpteve,set(),0.42923588,0,FALSE,{0},0
946,viktorolgasergeevichmohsen,set(),0.505982906,0,FALSE,{0},0
947,mikhaylovichborisdmitry,set(),0.540307692,0,FALSE,{0},0
948,statecorpresearchstar,set(),0.504761905,0,FALSE,{0},0
949,exportpvtdel,set(),0.405714286,0,FALSE,{0},0
950,oilelectronicsrepairfactorynew,set(),0.532043011,0,FALSE,{0},0
951,aleksandrovichluisjorgeel,set(),0.505982906,0,FALSE,{0},0
952,businesscomplexpetrochemicalsanayilosrussianincfor,set(),0.412784314,0,FALSE,{0},0
953,scientificindustrieslojistikfoundationseaforinunitary,set(),0.466994536,0,FALSE,{0},0
954,aofinancialcorporationcompanymarinesalenergy,"{23902, 23903}",0.553535354,0,FALSE,{0},0
955,sanchezabucarlosbinkhan,set(),0.504347826,0,FALSE,{0},0
956,nationalaltechnologytradeandcomercializadoraenterprise,"{15493, 3750, 36360, 48983, 46735, 46705, 42034, 47890, 39188, 7475, 9526, 8247, 30390, 50938, 46747, 31165}",0.565977444,0,FALSE,{0},0
957,associationpetroleumciaunitedtransportationairobshchestvoholding,set(),0.416298077,0,FALSE,{0},0
958,rezaigor,set(),0.485897436,0,FALSE,{0},0
959,abdullahdanielyuryevich,set(),0.546376812,0,FALSE,{0},0
960,enriquedinsonghernandez,set(),0.41884058,0,FALSE,{0},0
961,hongooopvtgasholdingsspecialgazpromneftmining,set(),0.31826087,0,FALSE,{0},0
962,konstantinovichaungmuhammadhosseinmahmoud,set(),0.439953542,0,FALSE,{0},0
963,gruppagencysalenergysolutionsoilhkplant,set(),0.377932636,0,FALSE,{0},0
964,vearmymoneyzavodopeniranand,set(),0.337566138,0,FALSE,{0},0
965,viktorpavelalekseyevichaleksandrovichivanovich,set(),0.508510638,0,FALSE,{0},0
966,ofportindustrial,{50809},0.608088235,0,FALSE,{0},0
967,petroleumengineeringservicesand,{8341},0.597647059,0,FALSE,{0},0
968,sanchezmikhaylovichmarioabdallahibrahim,set(),0.492820513,0,FALSE,{0},0
969,elmohamadpavelsaid,set(),0.498830409,0,FALSE,{0},0
970,sergeypavelibrahimpetrovich,set(),0.481481481,0,FALSE,{0},0
971,torresgarcia,set(),0.490952381,0,FALSE,{0},0
972,branchtrustsyrianandmachineryshipping,set(),0.423328592,0,FALSE,{0},0
973,ismailabumohammed,"{42177, 30084, 12919, 21914, 9595}",0.786928105,0,FALSE,{0},0
974,iranproductionsdngrupodefense,set(),0.374252874,0,FALSE,{0},0
975,abdallahbinalekseyevich,{21324},0.596666667,0,FALSE,{0},0
976,valeryevichkhannikolaevichabdullah,set(),0.499663866,0,FALSE,{0},0
977,unitaryoilkoreaminingglobal,set(),0.366137566,0,FALSE,{0},0
978,aliyusufmajidjuan,set(),0.447058824,0,FALSE,{0},0
979,artemahmadantonio,set(),0.461437908,0,FALSE,{0},0
980,engineeringprivatelogistics,{51092},0.63226601,0,FALSE,{0},0
981,mustafahusaynreza,set(),0.515789474,0,FALSE,{0},0
982,defenseprivatearmy,set(),0.411462451,0,FALSE,{0},0
983,abbasismailvladimirnikolaevichalexandrovich,set(),0.515856237,0,FALSE,{0},0
984,logisticssecurityrepairtradinglakong,set(),0.407657658,0,FALSE,{0},0
985,proizvodstvennoetheprivate,set(),0.493147503,0,FALSE,{0},0
986,unitarypropertiesloscvshippingholdingsspecialtransport,set(),0.404915825,0,FALSE,{0},0
987,antonioluis,set(),0.424242424,0,FALSE,{0},0
988,industriesmoneyanonimgoldllc,set(),0.422150538,0,FALSE,{0},0
989,martinezyuryevichigormikhailovichdenis,set(),0.448717949,0,FALSE,{0},0
990,tikritianatolievichmustafa,set(),0.500569801,0,FALSE,{0},0
991,electronicllcliabilityresearch,set(),0.502702703,0,FALSE,{0},0
992,comercializadorairanshiprussiangeneral,set(),0.546558704,0,FALSE,{0},0
993,antonvladimirabdallahsanchez,set(),0.493349754,0,FALSE,{0},0
994,islamicnauchnocomercializadora,set(),0.499569892,0,FALSE,{0},0
995,mohammedhajisergeygarciadmitry,set(),0.401290323,0,FALSE,{0},0
996,shippingportkgcosaljsctradinghong,set(),0.490196078,0,FALSE,{0},0
997,agencygazpromneftgoldenfzemoneygold,set(),0.374603175,0,FALSE,{0},0
998,branchfactorytechnicalorganization,set(),0.491322902,0,FALSE,{0},0
999,khalidsongfloresalexandermohamad,set(),0.438636364,0,FALSE,{0},0
,,count foe score>0.65,38,,,,
